559636538
85784643
602518943
118336671
645934848
495695047
711143523
771067718
797715128
406424302
23113594
909988547
185700291
415416925
138991691
996276687
30133327
433118444
35462012
644363922
396913821
881549524
54996710
413732528
476727767
269091714
778969369
188799541
879800109
143493819
616171128
475810100
314033317
96304274
82256758
106549519
954076577
434705002
882249430
707177822
520477284
39183495
730610640
500592846
804082805
110807250
840918177
530501722
666058199
234630208
873284698
55712385
581966102
730752338
822523758
706362185
163398153
951670089
359856494
729924895
398501727
844578985
719498251
329333415
753442690
605436607
68587432
867166048
753339391
510066456
678718624
348018141
571632794
598317472
339642122
174982440
481453754
869219610
932204867
843952890
569302725
518242117
92261022
521776911
620779198
228607133
742696178
862276537
478618057
34104829
320110719
860252322
426046672
844010772
452355066
583849043
577075359
851689669
911033033
480091697
