ChimpBonoboGhost 50 10 1332253363 12
ChimpBonoboGhost 50 10 1332253363 15
ChimpBonoboGhost 50 10 1332253363 20
ChimpBonoboGhost 50 10 1332253363 30
ChimpBonoboGhost 50 10 1332253363 50
ChimpBonoboGhost 50 10 855712339 3
ChimpBonoboGhost 50 10 855712339 4
ChimpBonoboGhost 50 10 855712339 5
ChimpBonoboGhost 50 10 855712339 6
ChimpBonoboGhost 50 10 855712339 7
ChimpBonoboGhost 50 10 855712339 8
ChimpBonoboGhost 50 10 855712339 9
ChimpBonoboGhost 50 10 855712339 10
ChimpBonoboGhost 50 10 855712339 12
ChimpBonoboGhost 50 10 855712339 15
ChimpBonoboGhost 50 10 855712339 20
ChimpBonoboGhost 50 10 855712339 30
ChimpBonoboGhost 50 10 855712339 50
ChimpBonoboGhost 50 10 412181690 3
ChimpBonoboGhost 50 10 412181690 4
ChimpBonoboGhost 50 10 412181690 5
ChimpBonoboGhost 50 10 412181690 6
ChimpBonoboGhost 50 10 412181690 7
ChimpBonoboGhost 50 10 412181690 8
ChimpBonoboGhost 50 10 412181690 9
ChimpBonoboGhost 50 10 412181690 10
ChimpBonoboGhost 50 10 412181690 12
ChimpBonoboGhost 50 10 412181690 15
ChimpBonoboGhost 50 10 412181690 20
ChimpBonoboGhost 50 10 412181690 30
ChimpBonoboGhost 50 10 412181690 50
ChimpBonoboGhost 50 10 2082823983 3
ChimpBonoboGhost 50 10 2082823983 4
ChimpBonoboGhost 50 10 2082823983 5
ChimpBonoboGhost 50 10 2082823983 6
ChimpBonoboGhost 50 10 2082823983 7
ChimpBonoboGhost 50 10 2082823983 8
ChimpBonoboGhost 50 10 2082823983 9
ChimpBonoboGhost 50 10 2082823983 10
ChimpBonoboGhost 50 10 2082823983 12
ChimpBonoboGhost 50 10 2082823983 15
ChimpBonoboGhost 50 10 2082823983 20
ChimpBonoboGhost 50 10 2082823983 30
ChimpBonoboGhost 50 10 2082823983 50
ChimpBonoboGhost 50 10 940383291 3
ChimpBonoboGhost 50 10 940383291 4
ChimpBonoboGhost 50 10 940383291 5
ChimpBonoboGhost 50 10 940383291 6
ChimpBonoboGhost 50 10 940383291 7
ChimpBonoboGhost 50 10 940383291 8
ChimpBonoboGhost 50 10 940383291 9
ChimpBonoboGhost 50 10 940383291 10
ChimpBonoboGhost 50 10 940383291 12
ChimpBonoboGhost 50 10 940383291 15
ChimpBonoboGhost 50 10 940383291 20
ChimpBonoboGhost 50 10 940383291 30
ChimpBonoboGhost 50 10 940383291 50
ChimpBonoboGhost 50 10 1783365912 3
ChimpBonoboGhost 50 10 1783365912 4
ChimpBonoboGhost 50 10 1783365912 5
ChimpBonoboGhost 50 10 1783365912 6
ChimpBonoboGhost 50 10 1783365912 7
ChimpBonoboGhost 50 10 1783365912 8
ChimpBonoboGhost 50 10 1783365912 9
ChimpBonoboGhost 50 10 1783365912 10
ChimpBonoboGhost 50 10 1783365912 12
ChimpBonoboGhost 50 10 1783365912 15
ChimpBonoboGhost 50 10 1783365912 20
ChimpBonoboGhost 50 10 1783365912 30
ChimpBonoboGhost 50 10 1783365912 50
ChimpBonoboGhost 50 10 1111189910 3
ChimpBonoboGhost 50 10 1111189910 4
ChimpBonoboGhost 50 10 1111189910 5
ChimpBonoboGhost 50 10 1111189910 6
ChimpBonoboGhost 50 10 1111189910 7
ChimpBonoboGhost 50 10 1111189910 8
ChimpBonoboGhost 50 10 1111189910 9
ChimpBonoboGhost 50 10 1111189910 10
ChimpBonoboGhost 50 10 1111189910 12
ChimpBonoboGhost 50 10 1111189910 15
ChimpBonoboGhost 50 10 1111189910 20
ChimpBonoboGhost 50 10 1111189910 30
ChimpBonoboGhost 50 10 1111189910 50
ChimpBonoboGhost 50 10 595547912 3
ChimpBonoboGhost 50 10 595547912 4
ChimpBonoboGhost 50 10 595547912 5
ChimpBonoboGhost 50 10 595547912 6
ChimpBonoboGhost 50 10 595547912 7
ChimpBonoboGhost 50 10 595547912 8
ChimpBonoboGhost 50 10 595547912 9
ChimpBonoboGhost 50 10 595547912 10
ChimpBonoboGhost 50 10 595547912 12
ChimpBonoboGhost 50 10 595547912 15
ChimpBonoboGhost 50 10 595547912 20
ChimpBonoboGhost 50 10 595547912 30
ChimpBonoboGhost 50 10 595547912 50
ChimpBonoboGhost 50 10 2010498898 3
ChimpBonoboGhost 50 10 2010498898 4
ChimpBonoboGhost 50 10 2010498898 5
ChimpBonoboGhost 50 10 2010498898 6
ChimpBonoboGhost 50 10 2010498898 7
ChimpBonoboGhost 50 10 2010498898 8
ChimpBonoboGhost 50 10 2010498898 9
ChimpBonoboGhost 50 10 2010498898 10
ChimpBonoboGhost 50 10 2010498898 12
ChimpBonoboGhost 50 10 2010498898 15
ChimpBonoboGhost 50 10 2010498898 20
ChimpBonoboGhost 50 10 2010498898 30
ChimpBonoboGhost 50 10 2010498898 50
ChimpBonoboGhost 50 10 1113642048 3
ChimpBonoboGhost 50 10 1113642048 4
ChimpBonoboGhost 50 10 1113642048 5
ChimpBonoboGhost 50 10 1113642048 6
ChimpBonoboGhost 50 10 1113642048 7
ChimpBonoboGhost 50 10 1113642048 8
ChimpBonoboGhost 50 10 1113642048 9
ChimpBonoboGhost 50 10 1113642048 10
ChimpBonoboGhost 50 10 1113642048 12
ChimpBonoboGhost 50 10 1113642048 15
ChimpBonoboGhost 50 10 1113642048 20
ChimpBonoboGhost 50 10 1113642048 30
ChimpBonoboGhost 50 10 1113642048 50
ChimpBonoboGhost 50 10 1972992892 3
ChimpBonoboGhost 50 10 1972992892 4
ChimpBonoboGhost 50 10 1972992892 5
ChimpBonoboGhost 50 10 1972992892 6
ChimpBonoboGhost 50 10 1972992892 7
ChimpBonoboGhost 50 10 1972992892 8
ChimpBonoboGhost 50 10 1972992892 9
ChimpBonoboGhost 50 10 1972992892 10
ChimpBonoboGhost 50 10 1972992892 12
ChimpBonoboGhost 50 10 1972992892 15
ChimpBonoboGhost 50 10 1972992892 20
ChimpBonoboGhost 50 10 1972992892 30
ChimpBonoboGhost 50 10 1972992892 50
ChimpBonoboGhost 50 10 247058945 3
ChimpBonoboGhost 50 10 247058945 4
ChimpBonoboGhost 50 10 247058945 5
ChimpBonoboGhost 50 10 247058945 6
ChimpBonoboGhost 50 10 247058945 7
ChimpBonoboGhost 50 10 247058945 8
ChimpBonoboGhost 50 10 247058945 9
ChimpBonoboGhost 50 10 247058945 10
ChimpBonoboGhost 50 10 247058945 12
ChimpBonoboGhost 50 10 247058945 15
ChimpBonoboGhost 50 10 247058945 20
ChimpBonoboGhost 50 10 247058945 30
ChimpBonoboGhost 50 10 247058945 50
ChimpBonoboGhost 50 10 899837659 3
ChimpBonoboGhost 50 10 899837659 4
ChimpBonoboGhost 50 10 899837659 5
ChimpBonoboGhost 50 10 899837659 6
ChimpBonoboGhost 50 10 899837659 7
ChimpBonoboGhost 50 10 899837659 8
ChimpBonoboGhost 50 10 899837659 9
ChimpBonoboGhost 50 10 899837659 10
ChimpBonoboGhost 50 10 899837659 12
ChimpBonoboGhost 50 10 899837659 15
ChimpBonoboGhost 50 10 899837659 20
ChimpBonoboGhost 50 10 899837659 30
ChimpBonoboGhost 50 10 899837659 50
ChimpBonoboGhost 50 10 830884525 3
ChimpBonoboGhost 50 10 830884525 4
ChimpBonoboGhost 50 10 830884525 5
ChimpBonoboGhost 50 10 830884525 6
ChimpBonoboGhost 50 10 830884525 7
ChimpBonoboGhost 50 10 830884525 8
ChimpBonoboGhost 50 10 830884525 9
ChimpBonoboGhost 50 10 830884525 10
ChimpBonoboGhost 50 10 830884525 12
ChimpBonoboGhost 50 10 830884525 15
ChimpBonoboGhost 50 10 830884525 20
ChimpBonoboGhost 50 10 830884525 30
ChimpBonoboGhost 50 10 830884525 50
ChimpBonoboGhost 50 10 764731834 3
ChimpBonoboGhost 50 10 764731834 4
ChimpBonoboGhost 50 10 764731834 5
ChimpBonoboGhost 50 10 764731834 6
ChimpBonoboGhost 50 10 764731834 7
ChimpBonoboGhost 50 10 764731834 8
ChimpBonoboGhost 50 10 764731834 9
ChimpBonoboGhost 50 10 764731834 10
ChimpBonoboGhost 50 10 764731834 12
ChimpBonoboGhost 50 10 764731834 15
ChimpBonoboGhost 50 10 764731834 20
ChimpBonoboGhost 50 10 764731834 30
ChimpBonoboGhost 50 10 764731834 50
ChimpBonoboGhost 50 10 1774934415 3
ChimpBonoboGhost 50 10 1774934415 4
ChimpBonoboGhost 50 10 1774934415 5
ChimpBonoboGhost 50 10 1774934415 6
ChimpBonoboGhost 50 10 1774934415 7
ChimpBonoboGhost 50 10 1774934415 8
ChimpBonoboGhost 50 10 1774934415 9
ChimpBonoboGhost 50 10 1774934415 10
ChimpBonoboGhost 50 10 1774934415 12
ChimpBonoboGhost 50 10 1774934415 15
ChimpBonoboGhost 50 10 1774934415 20
ChimpBonoboGhost 50 10 1774934415 30
ChimpBonoboGhost 50 10 1774934415 50
HumanArchaic 10 10 1845187043 3
HumanArchaic 10 10 1845187043 4
HumanArchaic 10 10 1845187043 5
HumanArchaic 10 10 1845187043 6
HumanArchaic 10 10 1845187043 7
HumanArchaic 10 10 1845187043 8
HumanArchaic 10 10 1845187043 9
HumanArchaic 10 10 1845187043 10
HumanArchaic 10 10 1845187043 12
HumanArchaic 10 10 1845187043 15
HumanArchaic 10 10 1845187043 20
HumanArchaic 10 10 1845187043 30
HumanArchaic 10 10 1845187043 50
HumanArchaic 10 10 1675701734 3
HumanArchaic 10 10 1675701734 4
HumanArchaic 10 10 1675701734 5
HumanArchaic 10 10 1675701734 6
HumanArchaic 10 10 1675701734 7
HumanArchaic 10 10 1675701734 8
HumanArchaic 10 10 1675701734 9
HumanArchaic 10 10 1675701734 10
HumanArchaic 10 10 1675701734 12
HumanArchaic 10 10 1675701734 15
HumanArchaic 10 10 1675701734 20
HumanArchaic 10 10 1675701734 30
HumanArchaic 10 10 1675701734 50
HumanArchaic 10 10 1358822686 3
HumanArchaic 10 10 1358822686 4
HumanArchaic 10 10 1358822686 5
HumanArchaic 10 10 1358822686 6
HumanArchaic 10 10 1358822686 7
HumanArchaic 10 10 1358822686 8
HumanArchaic 10 10 1358822686 9
HumanArchaic 10 10 1358822686 10
HumanArchaic 10 10 1358822686 12
HumanArchaic 10 10 1358822686 15
HumanArchaic 10 10 1358822686 20
HumanArchaic 10 10 1358822686 30
HumanArchaic 10 10 1358822686 50
HumanArchaic 10 10 561383554 3
HumanArchaic 10 10 561383554 4
HumanArchaic 10 10 561383554 5
HumanArchaic 10 10 561383554 6
HumanArchaic 10 10 561383554 7
HumanArchaic 10 10 561383554 8
HumanArchaic 10 10 561383554 9
HumanArchaic 10 10 561383554 10
HumanArchaic 10 10 561383554 12
HumanArchaic 10 10 561383554 15
HumanArchaic 10 10 561383554 20
HumanArchaic 10 10 561383554 30
HumanArchaic 10 10 561383554 50
HumanArchaic 10 10 789925285 3
HumanArchaic 10 10 789925285 4
HumanArchaic 10 10 789925285 5
HumanArchaic 10 10 789925285 6
HumanArchaic 10 10 789925285 7
HumanArchaic 10 10 789925285 8
HumanArchaic 10 10 789925285 9
HumanArchaic 10 10 789925285 10
HumanArchaic 10 10 789925285 12
HumanArchaic 10 10 789925285 15
HumanArchaic 10 10 789925285 20
HumanArchaic 10 10 789925285 30
HumanArchaic 10 10 789925285 50
HumanArchaic 10 10 170765738 3
HumanArchaic 10 10 170765738 4
HumanArchaic 10 10 170765738 5
HumanArchaic 10 10 170765738 6
HumanArchaic 10 10 170765738 7
HumanArchaic 10 10 170765738 8
HumanArchaic 10 10 170765738 9
HumanArchaic 10 10 170765738 10
HumanArchaic 10 10 170765738 12
HumanArchaic 10 10 170765738 15
HumanArchaic 10 10 170765738 20
HumanArchaic 10 10 170765738 30
HumanArchaic 10 10 170765738 50
HumanArchaic 10 10 878579711 3
HumanArchaic 10 10 878579711 4
HumanArchaic 10 10 878579711 5
HumanArchaic 10 10 878579711 6
HumanArchaic 10 10 878579711 7
HumanArchaic 10 10 878579711 8
HumanArchaic 10 10 878579711 9
HumanArchaic 10 10 878579711 10
HumanArchaic 10 10 878579711 12
HumanArchaic 10 10 878579711 15
HumanArchaic 10 10 878579711 20
HumanArchaic 10 10 878579711 30
HumanArchaic 10 10 878579711 50
HumanArchaic 10 10 1402032511 3
HumanArchaic 10 10 1402032511 4
HumanArchaic 10 10 1402032511 5
HumanArchaic 10 10 1402032511 6
HumanArchaic 10 10 1402032511 7
HumanArchaic 10 10 1402032511 8
HumanArchaic 10 10 1402032511 9
HumanArchaic 10 10 1402032511 10
HumanArchaic 10 10 1402032511 12
HumanArchaic 10 10 1402032511 15
HumanArchaic 10 10 1402032511 20
HumanArchaic 10 10 1402032511 30
HumanArchaic 10 10 1402032511 50
HumanArchaic 10 10 290876774 3
HumanArchaic 10 10 290876774 4
HumanArchaic 10 10 290876774 5
HumanArchaic 10 10 290876774 6
HumanArchaic 10 10 290876774 7
HumanArchaic 10 10 290876774 8
HumanArchaic 10 10 290876774 9
HumanArchaic 10 10 290876774 10
HumanArchaic 10 10 290876774 12
HumanArchaic 10 10 290876774 15
HumanArchaic 10 10 290876774 20
HumanArchaic 10 10 290876774 30
HumanArchaic 10 10 290876774 50
HumanArchaic 10 10 137773603 3
HumanArchaic 10 10 137773603 4
HumanArchaic 10 10 137773603 5
HumanArchaic 10 10 137773603 6
HumanArchaic 10 10 137773603 7
HumanArchaic 10 10 137773603 8
HumanArchaic 10 10 137773603 9
HumanArchaic 10 10 137773603 10
HumanArchaic 10 10 137773603 12
HumanArchaic 10 10 137773603 15
HumanArchaic 10 10 137773603 20
HumanArchaic 10 10 137773603 30
HumanArchaic 10 10 137773603 50
HumanArchaic 10 10 410361374 3
HumanArchaic 10 10 410361374 4
HumanArchaic 10 10 410361374 5
HumanArchaic 10 10 410361374 6
HumanArchaic 10 10 410361374 7
HumanArchaic 10 10 410361374 8
HumanArchaic 10 10 410361374 9
HumanArchaic 10 10 410361374 10
HumanArchaic 10 10 410361374 12
HumanArchaic 10 10 410361374 15
HumanArchaic 10 10 410361374 20
HumanArchaic 10 10 410361374 30
HumanArchaic 10 10 410361374 50
HumanArchaic 10 10 1959836418 3
HumanArchaic 10 10 1959836418 4
HumanArchaic 10 10 1959836418 5
HumanArchaic 10 10 1959836418 6
HumanArchaic 10 10 1959836418 7
HumanArchaic 10 10 1959836418 8
HumanArchaic 10 10 1959836418 9
HumanArchaic 10 10 1959836418 10
HumanArchaic 10 10 1959836418 12
HumanArchaic 10 10 1959836418 15
HumanArchaic 10 10 1959836418 20
HumanArchaic 10 10 1959836418 30
HumanArchaic 10 10 1959836418 50
HumanArchaic 10 10 1995074679 3
HumanArchaic 10 10 1995074679 4
HumanArchaic 10 10 1995074679 5
HumanArchaic 10 10 1995074679 6
HumanArchaic 10 10 1995074679 7
HumanArchaic 10 10 1995074679 8
HumanArchaic 10 10 1995074679 9
HumanArchaic 10 10 1995074679 10
HumanArchaic 10 10 1995074679 12
HumanArchaic 10 10 1995074679 15
HumanArchaic 10 10 1995074679 20
HumanArchaic 10 10 1995074679 30
HumanArchaic 10 10 1995074679 50
HumanArchaic 10 10 1983958386 3
HumanArchaic 10 10 1983958386 4
HumanArchaic 10 10 1983958386 5
HumanArchaic 10 10 1983958386 6
HumanArchaic 10 10 1983958386 7
HumanArchaic 10 10 1983958386 8
HumanArchaic 10 10 1983958386 9
HumanArchaic 10 10 1983958386 10
HumanArchaic 10 10 1983958386 12
HumanArchaic 10 10 1983958386 15
HumanArchaic 10 10 1983958386 20
HumanArchaic 10 10 1983958386 30
HumanArchaic 10 10 1983958386 50
HumanArchaic 10 10 657890620 3
HumanArchaic 10 10 657890620 4
HumanArchaic 10 10 657890620 5
HumanArchaic 10 10 657890620 6
HumanArchaic 10 10 657890620 7
HumanArchaic 10 10 657890620 8
HumanArchaic 10 10 657890620 9
HumanArchaic 10 10 657890620 10
HumanArchaic 10 10 657890620 12
HumanArchaic 10 10 657890620 15
HumanArchaic 10 10 657890620 20
HumanArchaic 10 10 657890620 30
HumanArchaic 10 10 657890620 50
HumanArchaic 10 10 1819941519 3
HumanArchaic 10 10 1819941519 4
HumanArchaic 10 10 1819941519 5
HumanArchaic 10 10 1819941519 6
HumanArchaic 10 10 1819941519 7
HumanArchaic 10 10 1819941519 8
HumanArchaic 10 10 1819941519 9
HumanArchaic 10 10 1819941519 10
HumanArchaic 10 10 1819941519 12
HumanArchaic 10 10 1819941519 15
HumanArchaic 10 10 1819941519 20
HumanArchaic 10 10 1819941519 30
HumanArchaic 10 10 1819941519 50
HumanArchaic 10 10 1069045866 3
HumanArchaic 10 10 1069045866 4
HumanArchaic 10 10 1069045866 5
HumanArchaic 10 10 1069045866 6
HumanArchaic 10 10 1069045866 7
HumanArchaic 10 10 1069045866 8
HumanArchaic 10 10 1069045866 9
HumanArchaic 10 10 1069045866 10
HumanArchaic 10 10 1069045866 12
HumanArchaic 10 10 1069045866 15
HumanArchaic 10 10 1069045866 20
HumanArchaic 10 10 1069045866 30
HumanArchaic 10 10 1069045866 50
HumanArchaic 10 10 1605979228 3
HumanArchaic 10 10 1605979228 4
HumanArchaic 10 10 1605979228 5
HumanArchaic 10 10 1605979228 6
HumanArchaic 10 10 1605979228 7
HumanArchaic 10 10 1605979228 8
HumanArchaic 10 10 1605979228 9
HumanArchaic 10 10 1605979228 10
HumanArchaic 10 10 1605979228 12
HumanArchaic 10 10 1605979228 15
HumanArchaic 10 10 1605979228 20
HumanArchaic 10 10 1605979228 30
HumanArchaic 10 10 1605979228 50
HumanArchaic 10 10 659577592 3
HumanArchaic 10 10 659577592 4
HumanArchaic 10 10 659577592 5
HumanArchaic 10 10 659577592 6
HumanArchaic 10 10 659577592 7
HumanArchaic 10 10 659577592 8
HumanArchaic 10 10 659577592 9
HumanArchaic 10 10 659577592 10
HumanArchaic 10 10 659577592 12
HumanArchaic 10 10 659577592 15
HumanArchaic 10 10 659577592 20
HumanArchaic 10 10 659577592 30
HumanArchaic 10 10 659577592 50
HumanArchaic 10 10 665605495 3
HumanArchaic 10 10 665605495 4
HumanArchaic 10 10 665605495 5
HumanArchaic 10 10 665605495 6
HumanArchaic 10 10 665605495 7
HumanArchaic 10 10 665605495 8
HumanArchaic 10 10 665605495 9
HumanArchaic 10 10 665605495 10
HumanArchaic 10 10 665605495 12
HumanArchaic 10 10 665605495 15
HumanArchaic 10 10 665605495 20
HumanArchaic 10 10 665605495 30
HumanArchaic 10 10 665605495 50
HumanArchaic 10 10 1063926993 3
HumanArchaic 10 10 1063926993 4
HumanArchaic 10 10 1063926993 5
HumanArchaic 10 10 1063926993 6
HumanArchaic 10 10 1063926993 7
HumanArchaic 10 10 1063926993 8
HumanArchaic 10 10 1063926993 9
HumanArchaic 10 10 1063926993 10
HumanArchaic 10 10 1063926993 12
HumanArchaic 10 10 1063926993 15
HumanArchaic 10 10 1063926993 20
HumanArchaic 10 10 1063926993 30
HumanArchaic 10 10 1063926993 50
HumanArchaic 10 10 1685103475 3
HumanArchaic 10 10 1685103475 4
HumanArchaic 10 10 1685103475 5
HumanArchaic 10 10 1685103475 6
HumanArchaic 10 10 1685103475 7
HumanArchaic 10 10 1685103475 8
HumanArchaic 10 10 1685103475 9
HumanArchaic 10 10 1685103475 10
HumanArchaic 10 10 1685103475 12
HumanArchaic 10 10 1685103475 15
HumanArchaic 10 10 1685103475 20
HumanArchaic 10 10 1685103475 30
HumanArchaic 10 10 1685103475 50
HumanArchaic 10 10 1981297354 3
HumanArchaic 10 10 1981297354 4
HumanArchaic 10 10 1981297354 5
HumanArchaic 10 10 1981297354 6
HumanArchaic 10 10 1981297354 7
HumanArchaic 10 10 1981297354 8
HumanArchaic 10 10 1981297354 9
HumanArchaic 10 10 1981297354 10
HumanArchaic 10 10 1981297354 12
HumanArchaic 10 10 1981297354 15
HumanArchaic 10 10 1981297354 20
HumanArchaic 10 10 1981297354 30
HumanArchaic 10 10 1981297354 50
HumanArchaic 10 10 115061004 3
HumanArchaic 10 10 115061004 4
HumanArchaic 10 10 115061004 5
HumanArchaic 10 10 115061004 6
HumanArchaic 10 10 115061004 7
HumanArchaic 10 10 115061004 8
HumanArchaic 10 10 115061004 9
HumanArchaic 10 10 115061004 10
HumanArchaic 10 10 115061004 12
HumanArchaic 10 10 115061004 15
HumanArchaic 10 10 115061004 20
HumanArchaic 10 10 115061004 30
HumanArchaic 10 10 115061004 50
HumanArchaic 10 10 36027470 3
HumanArchaic 10 10 36027470 4
HumanArchaic 10 10 36027470 5
HumanArchaic 10 10 36027470 6
HumanArchaic 10 10 36027470 7
HumanArchaic 10 10 36027470 8
HumanArchaic 10 10 36027470 9
HumanArchaic 10 10 36027470 10
HumanArchaic 10 10 36027470 12
HumanArchaic 10 10 36027470 15
HumanArchaic 10 10 36027470 20
HumanArchaic 10 10 36027470 30
HumanArchaic 10 10 36027470 50
HumanArchaic 10 10 1251993227 3
HumanArchaic 10 10 1251993227 4
HumanArchaic 10 10 1251993227 5
HumanArchaic 10 10 1251993227 6
HumanArchaic 10 10 1251993227 7
HumanArchaic 10 10 1251993227 8
HumanArchaic 10 10 1251993227 9
HumanArchaic 10 10 1251993227 10
HumanArchaic 10 10 1251993227 12
HumanArchaic 10 10 1251993227 15
HumanArchaic 10 10 1251993227 20
HumanArchaic 10 10 1251993227 30
HumanArchaic 10 10 1251993227 50
HumanArchaic 10 10 457175122 3
HumanArchaic 10 10 457175122 4
HumanArchaic 10 10 457175122 5
HumanArchaic 10 10 457175122 6
HumanArchaic 10 10 457175122 7
HumanArchaic 10 10 457175122 8
HumanArchaic 10 10 457175122 9
HumanArchaic 10 10 457175122 10
HumanArchaic 10 10 457175122 12
HumanArchaic 10 10 457175122 15
HumanArchaic 10 10 457175122 20
HumanArchaic 10 10 457175122 30
HumanArchaic 10 10 457175122 50
HumanArchaic 10 10 1712592595 3
HumanArchaic 10 10 1712592595 4
HumanArchaic 10 10 1712592595 5
HumanArchaic 10 10 1712592595 6
HumanArchaic 10 10 1712592595 7
HumanArchaic 10 10 1712592595 8
HumanArchaic 10 10 1712592595 9
HumanArchaic 10 10 1712592595 10
HumanArchaic 10 10 1712592595 12
HumanArchaic 10 10 1712592595 15
HumanArchaic 10 10 1712592595 20
HumanArchaic 10 10 1712592595 30
HumanArchaic 10 10 1712592595 50
HumanArchaic 10 10 1282922663 3
HumanArchaic 10 10 1282922663 4
HumanArchaic 10 10 1282922663 5
HumanArchaic 10 10 1282922663 6
HumanArchaic 10 10 1282922663 7
HumanArchaic 10 10 1282922663 8
HumanArchaic 10 10 1282922663 9
HumanArchaic 10 10 1282922663 10
HumanArchaic 10 10 1282922663 12
HumanArchaic 10 10 1282922663 15
HumanArchaic 10 10 1282922663 20
HumanArchaic 10 10 1282922663 30
HumanArchaic 10 10 1282922663 50
HumanArchaic 10 10 1319794952 3
HumanArchaic 10 10 1319794952 4
HumanArchaic 10 10 1319794952 5
HumanArchaic 10 10 1319794952 6
HumanArchaic 10 10 1319794952 7
HumanArchaic 10 10 1319794952 8
HumanArchaic 10 10 1319794952 9
HumanArchaic 10 10 1319794952 10
HumanArchaic 10 10 1319794952 12
HumanArchaic 10 10 1319794952 15
HumanArchaic 10 10 1319794952 20
HumanArchaic 10 10 1319794952 30
HumanArchaic 10 10 1319794952 50
HumanArchaic 10 10 671780908 3
HumanArchaic 10 10 671780908 4
HumanArchaic 10 10 671780908 5
HumanArchaic 10 10 671780908 6
HumanArchaic 10 10 671780908 7
HumanArchaic 10 10 671780908 8
HumanArchaic 10 10 671780908 9
HumanArchaic 10 10 671780908 10
HumanArchaic 10 10 671780908 12
HumanArchaic 10 10 671780908 15
HumanArchaic 10 10 671780908 20
HumanArchaic 10 10 671780908 30
HumanArchaic 10 10 671780908 50
HumanArchaic 10 10 545865960 3
HumanArchaic 10 10 545865960 4
HumanArchaic 10 10 545865960 5
HumanArchaic 10 10 545865960 6
HumanArchaic 10 10 545865960 7
HumanArchaic 10 10 545865960 8
HumanArchaic 10 10 545865960 9
HumanArchaic 10 10 545865960 10
HumanArchaic 10 10 545865960 12
HumanArchaic 10 10 545865960 15
HumanArchaic 10 10 545865960 20
HumanArchaic 10 10 545865960 30
HumanArchaic 10 10 545865960 50
HumanArchaic 10 10 1330634776 3
HumanArchaic 10 10 1330634776 4
HumanArchaic 10 10 1330634776 5
HumanArchaic 10 10 1330634776 6
HumanArchaic 10 10 1330634776 7
HumanArchaic 10 10 1330634776 8
HumanArchaic 10 10 1330634776 9
HumanArchaic 10 10 1330634776 10
HumanArchaic 10 10 1330634776 12
HumanArchaic 10 10 1330634776 15
HumanArchaic 10 10 1330634776 20
HumanArchaic 10 10 1330634776 30
HumanArchaic 10 10 1330634776 50
HumanArchaic 10 10 1752024094 3
HumanArchaic 10 10 1752024094 4
HumanArchaic 10 10 1752024094 5
HumanArchaic 10 10 1752024094 6
HumanArchaic 10 10 1752024094 7
HumanArchaic 10 10 1752024094 8
HumanArchaic 10 10 1752024094 9
HumanArchaic 10 10 1752024094 10
HumanArchaic 10 10 1752024094 12
HumanArchaic 10 10 1752024094 15
HumanArchaic 10 10 1752024094 20
HumanArchaic 10 10 1752024094 30
HumanArchaic 10 10 1752024094 50
HumanArchaic 10 10 1598483385 3
HumanArchaic 10 10 1598483385 4
HumanArchaic 10 10 1598483385 5
HumanArchaic 10 10 1598483385 6
HumanArchaic 10 10 1598483385 7
HumanArchaic 10 10 1598483385 8
HumanArchaic 10 10 1598483385 9
HumanArchaic 10 10 1598483385 10
HumanArchaic 10 10 1598483385 12
HumanArchaic 10 10 1598483385 15
HumanArchaic 10 10 1598483385 20
HumanArchaic 10 10 1598483385 30
HumanArchaic 10 10 1598483385 50
HumanArchaic 10 10 242224568 3
HumanArchaic 10 10 242224568 4
HumanArchaic 10 10 242224568 5
HumanArchaic 10 10 242224568 6
HumanArchaic 10 10 242224568 7
HumanArchaic 10 10 242224568 8
HumanArchaic 10 10 242224568 9
HumanArchaic 10 10 242224568 10
HumanArchaic 10 10 242224568 12
HumanArchaic 10 10 242224568 15
HumanArchaic 10 10 242224568 20
HumanArchaic 10 10 242224568 30
HumanArchaic 10 10 242224568 50
HumanArchaic 10 10 1995646240 3
HumanArchaic 10 10 1995646240 4
HumanArchaic 10 10 1995646240 5
HumanArchaic 10 10 1995646240 6
HumanArchaic 10 10 1995646240 7
HumanArchaic 10 10 1995646240 8
HumanArchaic 10 10 1995646240 9
HumanArchaic 10 10 1995646240 10
HumanArchaic 10 10 1995646240 12
HumanArchaic 10 10 1995646240 15
HumanArchaic 10 10 1995646240 20
HumanArchaic 10 10 1995646240 30
HumanArchaic 10 10 1995646240 50
HumanArchaic 10 10 1459942078 3
HumanArchaic 10 10 1459942078 4
HumanArchaic 10 10 1459942078 5
HumanArchaic 10 10 1459942078 6
HumanArchaic 10 10 1459942078 7
HumanArchaic 10 10 1459942078 8
HumanArchaic 10 10 1459942078 9
HumanArchaic 10 10 1459942078 10
HumanArchaic 10 10 1459942078 12
HumanArchaic 10 10 1459942078 15
HumanArchaic 10 10 1459942078 20
HumanArchaic 10 10 1459942078 30
HumanArchaic 10 10 1459942078 50
HumanArchaic 10 10 960721250 3
HumanArchaic 10 10 960721250 4
HumanArchaic 10 10 960721250 5
HumanArchaic 10 10 960721250 6
HumanArchaic 10 10 960721250 7
HumanArchaic 10 10 960721250 8
HumanArchaic 10 10 960721250 9
HumanArchaic 10 10 960721250 10
HumanArchaic 10 10 960721250 12
HumanArchaic 10 10 960721250 15
HumanArchaic 10 10 960721250 20
HumanArchaic 10 10 960721250 30
HumanArchaic 10 10 960721250 50
HumanArchaic 10 10 216844124 3
HumanArchaic 10 10 216844124 4
HumanArchaic 10 10 216844124 5
HumanArchaic 10 10 216844124 6
HumanArchaic 10 10 216844124 7
HumanArchaic 10 10 216844124 8
HumanArchaic 10 10 216844124 9
HumanArchaic 10 10 216844124 10
HumanArchaic 10 10 216844124 12
HumanArchaic 10 10 216844124 15
HumanArchaic 10 10 216844124 20
HumanArchaic 10 10 216844124 30
HumanArchaic 10 10 216844124 50
HumanArchaic 10 10 611926872 3
HumanArchaic 10 10 611926872 4
HumanArchaic 10 10 611926872 5
HumanArchaic 10 10 611926872 6
HumanArchaic 10 10 611926872 7
HumanArchaic 10 10 611926872 8
HumanArchaic 10 10 611926872 9
HumanArchaic 10 10 611926872 10
HumanArchaic 10 10 611926872 12
HumanArchaic 10 10 611926872 15
HumanArchaic 10 10 611926872 20
HumanArchaic 10 10 611926872 30
HumanArchaic 10 10 611926872 50
HumanArchaic 10 10 1315268645 3
HumanArchaic 10 10 1315268645 4
HumanArchaic 10 10 1315268645 5
HumanArchaic 10 10 1315268645 6
HumanArchaic 10 10 1315268645 7
HumanArchaic 10 10 1315268645 8
HumanArchaic 10 10 1315268645 9
HumanArchaic 10 10 1315268645 10
HumanArchaic 10 10 1315268645 12
HumanArchaic 10 10 1315268645 15
HumanArchaic 10 10 1315268645 20
HumanArchaic 10 10 1315268645 30
HumanArchaic 10 10 1315268645 50
HumanArchaic 10 10 933956161 3
HumanArchaic 10 10 933956161 4
HumanArchaic 10 10 933956161 5
HumanArchaic 10 10 933956161 6
HumanArchaic 10 10 933956161 7
HumanArchaic 10 10 933956161 8
HumanArchaic 10 10 933956161 9
HumanArchaic 10 10 933956161 10
HumanArchaic 10 10 933956161 12
HumanArchaic 10 10 933956161 15
HumanArchaic 10 10 933956161 20
HumanArchaic 10 10 933956161 30
HumanArchaic 10 10 933956161 50
HumanArchaic 10 10 1850339312 3
HumanArchaic 10 10 1850339312 4
HumanArchaic 10 10 1850339312 5
HumanArchaic 10 10 1850339312 6
HumanArchaic 10 10 1850339312 7
HumanArchaic 10 10 1850339312 8
HumanArchaic 10 10 1850339312 9
HumanArchaic 10 10 1850339312 10
HumanArchaic 10 10 1850339312 12
HumanArchaic 10 10 1850339312 15
HumanArchaic 10 10 1850339312 20
HumanArchaic 10 10 1850339312 30
HumanArchaic 10 10 1850339312 50
HumanArchaic 10 10 2008322436 3
HumanArchaic 10 10 2008322436 4
HumanArchaic 10 10 2008322436 5
HumanArchaic 10 10 2008322436 6
HumanArchaic 10 10 2008322436 7
HumanArchaic 10 10 2008322436 8
HumanArchaic 10 10 2008322436 9
HumanArchaic 10 10 2008322436 10
HumanArchaic 10 10 2008322436 12
HumanArchaic 10 10 2008322436 15
HumanArchaic 10 10 2008322436 20
HumanArchaic 10 10 2008322436 30
HumanArchaic 10 10 2008322436 50
HumanArchaic 10 10 1563495165 3
HumanArchaic 10 10 1563495165 4
HumanArchaic 10 10 1563495165 5
HumanArchaic 10 10 1563495165 6
HumanArchaic 10 10 1563495165 7
HumanArchaic 10 10 1563495165 8
HumanArchaic 10 10 1563495165 9
HumanArchaic 10 10 1563495165 10
HumanArchaic 10 10 1563495165 12
HumanArchaic 10 10 1563495165 15
HumanArchaic 10 10 1563495165 20
HumanArchaic 10 10 1563495165 30
HumanArchaic 10 10 1563495165 50
HumanArchaic 10 10 1398375549 3
HumanArchaic 10 10 1398375549 4
HumanArchaic 10 10 1398375549 5
HumanArchaic 10 10 1398375549 6
HumanArchaic 10 10 1398375549 7
HumanArchaic 10 10 1398375549 8
HumanArchaic 10 10 1398375549 9
HumanArchaic 10 10 1398375549 10
HumanArchaic 10 10 1398375549 12
HumanArchaic 10 10 1398375549 15
HumanArchaic 10 10 1398375549 20
HumanArchaic 10 10 1398375549 30
HumanArchaic 10 10 1398375549 50
HumanArchaic 10 10 820115078 3
HumanArchaic 10 10 820115078 4
HumanArchaic 10 10 820115078 5
HumanArchaic 10 10 820115078 6
HumanArchaic 10 10 820115078 7
HumanArchaic 10 10 820115078 8
HumanArchaic 10 10 820115078 9
HumanArchaic 10 10 820115078 10
HumanArchaic 10 10 820115078 12
HumanArchaic 10 10 820115078 15
HumanArchaic 10 10 820115078 20
HumanArchaic 10 10 820115078 30
HumanArchaic 10 10 820115078 50
HumanArchaic 10 10 1888259216 3
HumanArchaic 10 10 1888259216 4
HumanArchaic 10 10 1888259216 5
HumanArchaic 10 10 1888259216 6
HumanArchaic 10 10 1888259216 7
HumanArchaic 10 10 1888259216 8
HumanArchaic 10 10 1888259216 9
HumanArchaic 10 10 1888259216 10
HumanArchaic 10 10 1888259216 12
HumanArchaic 10 10 1888259216 15
HumanArchaic 10 10 1888259216 20
HumanArchaic 10 10 1888259216 30
HumanArchaic 10 10 1888259216 50
HumanArchaic 10 10 555401848 3
HumanArchaic 10 10 555401848 4
HumanArchaic 10 10 555401848 5
HumanArchaic 10 10 555401848 6
HumanArchaic 10 10 555401848 7
HumanArchaic 10 10 555401848 8
HumanArchaic 10 10 555401848 9
HumanArchaic 10 10 555401848 10
HumanArchaic 10 10 555401848 12
HumanArchaic 10 10 555401848 15
HumanArchaic 10 10 555401848 20
HumanArchaic 10 10 555401848 30
HumanArchaic 10 10 555401848 50
HumanArchaic 10 10 986507084 3
HumanArchaic 10 10 986507084 4
HumanArchaic 10 10 986507084 5
HumanArchaic 10 10 986507084 6
HumanArchaic 10 10 986507084 7
HumanArchaic 10 10 986507084 8
HumanArchaic 10 10 986507084 9
HumanArchaic 10 10 986507084 10
HumanArchaic 10 10 986507084 12
HumanArchaic 10 10 986507084 15
HumanArchaic 10 10 986507084 20
HumanArchaic 10 10 986507084 30
HumanArchaic 10 10 986507084 50
HumanArchaic 10 10 1428877199 3
HumanArchaic 10 10 1428877199 4
HumanArchaic 10 10 1428877199 5
HumanArchaic 10 10 1428877199 6
HumanArchaic 10 10 1428877199 7
HumanArchaic 10 10 1428877199 8
HumanArchaic 10 10 1428877199 9
HumanArchaic 10 10 1428877199 10
HumanArchaic 10 10 1428877199 12
HumanArchaic 10 10 1428877199 15
HumanArchaic 10 10 1428877199 20
HumanArchaic 10 10 1428877199 30
HumanArchaic 10 10 1428877199 50
HumanArchaic 10 10 2121776500 3
HumanArchaic 10 10 2121776500 4
HumanArchaic 10 10 2121776500 5
HumanArchaic 10 10 2121776500 6
HumanArchaic 10 10 2121776500 7
HumanArchaic 10 10 2121776500 8
HumanArchaic 10 10 2121776500 9
HumanArchaic 10 10 2121776500 10
HumanArchaic 10 10 2121776500 12
HumanArchaic 10 10 2121776500 15
HumanArchaic 10 10 2121776500 20
HumanArchaic 10 10 2121776500 30
HumanArchaic 10 10 2121776500 50
HumanArchaic 10 10 1367318866 3
HumanArchaic 10 10 1367318866 4
HumanArchaic 10 10 1367318866 5
HumanArchaic 10 10 1367318866 6
HumanArchaic 10 10 1367318866 7
HumanArchaic 10 10 1367318866 8
HumanArchaic 10 10 1367318866 9
HumanArchaic 10 10 1367318866 10
HumanArchaic 10 10 1367318866 12
HumanArchaic 10 10 1367318866 15
HumanArchaic 10 10 1367318866 20
HumanArchaic 10 10 1367318866 30
HumanArchaic 10 10 1367318866 50
HumanArchaic 10 10 759666796 3
HumanArchaic 10 10 759666796 4
HumanArchaic 10 10 759666796 5
HumanArchaic 10 10 759666796 6
HumanArchaic 10 10 759666796 7
HumanArchaic 10 10 759666796 8
HumanArchaic 10 10 759666796 9
HumanArchaic 10 10 759666796 10
HumanArchaic 10 10 759666796 12
HumanArchaic 10 10 759666796 15
HumanArchaic 10 10 759666796 20
HumanArchaic 10 10 759666796 30
HumanArchaic 10 10 759666796 50
HumanArchaic 10 10 1018775942 3
HumanArchaic 10 10 1018775942 4
HumanArchaic 10 10 1018775942 5
HumanArchaic 10 10 1018775942 6
HumanArchaic 10 10 1018775942 7
HumanArchaic 10 10 1018775942 8
HumanArchaic 10 10 1018775942 9
HumanArchaic 10 10 1018775942 10
HumanArchaic 10 10 1018775942 12
HumanArchaic 10 10 1018775942 15
HumanArchaic 10 10 1018775942 20
HumanArchaic 10 10 1018775942 30
HumanArchaic 10 10 1018775942 50
HumanArchaic 10 10 1249073187 3
HumanArchaic 10 10 1249073187 4
HumanArchaic 10 10 1249073187 5
HumanArchaic 10 10 1249073187 6
HumanArchaic 10 10 1249073187 7
HumanArchaic 10 10 1249073187 8
HumanArchaic 10 10 1249073187 9
HumanArchaic 10 10 1249073187 10
HumanArchaic 10 10 1249073187 12
HumanArchaic 10 10 1249073187 15
HumanArchaic 10 10 1249073187 20
HumanArchaic 10 10 1249073187 30
HumanArchaic 10 10 1249073187 50
HumanArchaic 10 10 415622454 3
HumanArchaic 10 10 415622454 4
HumanArchaic 10 10 415622454 5
HumanArchaic 10 10 415622454 6
HumanArchaic 10 10 415622454 7
HumanArchaic 10 10 415622454 8
HumanArchaic 10 10 415622454 9
HumanArchaic 10 10 415622454 10
HumanArchaic 10 10 415622454 12
HumanArchaic 10 10 415622454 15
HumanArchaic 10 10 415622454 20
HumanArchaic 10 10 415622454 30
HumanArchaic 10 10 415622454 50
HumanArchaic 10 10 734071156 3
HumanArchaic 10 10 734071156 4
HumanArchaic 10 10 734071156 5
HumanArchaic 10 10 734071156 6
HumanArchaic 10 10 734071156 7
HumanArchaic 10 10 734071156 8
HumanArchaic 10 10 734071156 9
HumanArchaic 10 10 734071156 10
HumanArchaic 10 10 734071156 12
HumanArchaic 10 10 734071156 15
HumanArchaic 10 10 734071156 20
HumanArchaic 10 10 734071156 30
HumanArchaic 10 10 734071156 50
HumanArchaic 10 10 1562109001 3
HumanArchaic 10 10 1562109001 4
HumanArchaic 10 10 1562109001 5
HumanArchaic 10 10 1562109001 6
HumanArchaic 10 10 1562109001 7
HumanArchaic 10 10 1562109001 8
HumanArchaic 10 10 1562109001 9
HumanArchaic 10 10 1562109001 10
HumanArchaic 10 10 1562109001 12
HumanArchaic 10 10 1562109001 15
HumanArchaic 10 10 1562109001 20
HumanArchaic 10 10 1562109001 30
HumanArchaic 10 10 1562109001 50
HumanArchaic 10 10 115316742 3
HumanArchaic 10 10 115316742 4
HumanArchaic 10 10 115316742 5
HumanArchaic 10 10 115316742 6
HumanArchaic 10 10 115316742 7
HumanArchaic 10 10 115316742 8
HumanArchaic 10 10 115316742 9
HumanArchaic 10 10 115316742 10
HumanArchaic 10 10 115316742 12
HumanArchaic 10 10 115316742 15
HumanArchaic 10 10 115316742 20
HumanArchaic 10 10 115316742 30
HumanArchaic 10 10 115316742 50
HumanArchaic 10 10 1266888931 3
HumanArchaic 10 10 1266888931 4
HumanArchaic 10 10 1266888931 5
HumanArchaic 10 10 1266888931 6
HumanArchaic 10 10 1266888931 7
HumanArchaic 10 10 1266888931 8
HumanArchaic 10 10 1266888931 9
