HumanArchaic 10 10 1266888931 10
HumanArchaic 10 10 1266888931 12
HumanArchaic 10 10 1266888931 15
HumanArchaic 10 10 1266888931 20
HumanArchaic 10 10 1266888931 30
HumanArchaic 10 10 1266888931 50
HumanArchaic 10 10 1290080365 3
HumanArchaic 10 10 1290080365 4
HumanArchaic 10 10 1290080365 5
HumanArchaic 10 10 1290080365 6
HumanArchaic 10 10 1290080365 7
HumanArchaic 10 10 1290080365 8
HumanArchaic 10 10 1290080365 9
HumanArchaic 10 10 1290080365 10
HumanArchaic 10 10 1290080365 12
HumanArchaic 10 10 1290080365 15
HumanArchaic 10 10 1290080365 20
HumanArchaic 10 10 1290080365 30
HumanArchaic 10 10 1290080365 50
HumanArchaic 10 10 852470022 3
HumanArchaic 10 10 852470022 4
HumanArchaic 10 10 852470022 5
HumanArchaic 10 10 852470022 6
HumanArchaic 10 10 852470022 7
HumanArchaic 10 10 852470022 8
HumanArchaic 10 10 852470022 9
HumanArchaic 10 10 852470022 10
HumanArchaic 10 10 852470022 12
HumanArchaic 10 10 852470022 15
HumanArchaic 10 10 852470022 20
HumanArchaic 10 10 852470022 30
HumanArchaic 10 10 852470022 50
HumanArchaic 10 10 1733975100 3
HumanArchaic 10 10 1733975100 4
HumanArchaic 10 10 1733975100 5
HumanArchaic 10 10 1733975100 6
HumanArchaic 10 10 1733975100 7
HumanArchaic 10 10 1733975100 8
HumanArchaic 10 10 1733975100 9
HumanArchaic 10 10 1733975100 10
HumanArchaic 10 10 1733975100 12
HumanArchaic 10 10 1733975100 15
HumanArchaic 10 10 1733975100 20
HumanArchaic 10 10 1733975100 30
HumanArchaic 10 10 1733975100 50
HumanArchaic 10 10 1382459476 3
HumanArchaic 10 10 1382459476 4
HumanArchaic 10 10 1382459476 5
HumanArchaic 10 10 1382459476 6
HumanArchaic 10 10 1382459476 7
HumanArchaic 10 10 1382459476 8
HumanArchaic 10 10 1382459476 9
HumanArchaic 10 10 1382459476 10
HumanArchaic 10 10 1382459476 12
HumanArchaic 10 10 1382459476 15
HumanArchaic 10 10 1382459476 20
HumanArchaic 10 10 1382459476 30
HumanArchaic 10 10 1382459476 50
HumanArchaic 10 10 105983501 3
HumanArchaic 10 10 105983501 4
HumanArchaic 10 10 105983501 5
HumanArchaic 10 10 105983501 6
HumanArchaic 10 10 105983501 7
HumanArchaic 10 10 105983501 8
HumanArchaic 10 10 105983501 9
HumanArchaic 10 10 105983501 10
HumanArchaic 10 10 105983501 12
HumanArchaic 10 10 105983501 15
HumanArchaic 10 10 105983501 20
HumanArchaic 10 10 105983501 30
HumanArchaic 10 10 105983501 50
HumanArchaic 10 10 1715692943 3
HumanArchaic 10 10 1715692943 4
HumanArchaic 10 10 1715692943 5
HumanArchaic 10 10 1715692943 6
HumanArchaic 10 10 1715692943 7
HumanArchaic 10 10 1715692943 8
HumanArchaic 10 10 1715692943 9
HumanArchaic 10 10 1715692943 10
HumanArchaic 10 10 1715692943 12
HumanArchaic 10 10 1715692943 15
HumanArchaic 10 10 1715692943 20
HumanArchaic 10 10 1715692943 30
HumanArchaic 10 10 1715692943 50
HumanArchaic 10 10 2112038652 3
HumanArchaic 10 10 2112038652 4
HumanArchaic 10 10 2112038652 5
HumanArchaic 10 10 2112038652 6
HumanArchaic 10 10 2112038652 7
HumanArchaic 10 10 2112038652 8
HumanArchaic 10 10 2112038652 9
HumanArchaic 10 10 2112038652 10
HumanArchaic 10 10 2112038652 12
HumanArchaic 10 10 2112038652 15
HumanArchaic 10 10 2112038652 20
HumanArchaic 10 10 2112038652 30
HumanArchaic 10 10 2112038652 50
HumanArchaic 10 10 1425496657 3
HumanArchaic 10 10 1425496657 4
HumanArchaic 10 10 1425496657 5
HumanArchaic 10 10 1425496657 6
HumanArchaic 10 10 1425496657 7
HumanArchaic 10 10 1425496657 8
HumanArchaic 10 10 1425496657 9
HumanArchaic 10 10 1425496657 10
HumanArchaic 10 10 1425496657 12
HumanArchaic 10 10 1425496657 15
HumanArchaic 10 10 1425496657 20
HumanArchaic 10 10 1425496657 30
HumanArchaic 10 10 1425496657 50
HumanArchaic 10 10 112765084 3
HumanArchaic 10 10 112765084 4
HumanArchaic 10 10 112765084 5
HumanArchaic 10 10 112765084 6
HumanArchaic 10 10 112765084 7
HumanArchaic 10 10 112765084 8
HumanArchaic 10 10 112765084 9
HumanArchaic 10 10 112765084 10
HumanArchaic 10 10 112765084 12
HumanArchaic 10 10 112765084 15
HumanArchaic 10 10 112765084 20
HumanArchaic 10 10 112765084 30
HumanArchaic 10 10 112765084 50
HumanArchaic 10 10 1760754983 3
HumanArchaic 10 10 1760754983 4
HumanArchaic 10 10 1760754983 5
HumanArchaic 10 10 1760754983 6
HumanArchaic 10 10 1760754983 7
HumanArchaic 10 10 1760754983 8
HumanArchaic 10 10 1760754983 9
HumanArchaic 10 10 1760754983 10
HumanArchaic 10 10 1760754983 12
HumanArchaic 10 10 1760754983 15
HumanArchaic 10 10 1760754983 20
HumanArchaic 10 10 1760754983 30
HumanArchaic 10 10 1760754983 50
HumanArchaic 10 10 413888857 3
HumanArchaic 10 10 413888857 4
HumanArchaic 10 10 413888857 5
HumanArchaic 10 10 413888857 6
HumanArchaic 10 10 413888857 7
HumanArchaic 10 10 413888857 8
HumanArchaic 10 10 413888857 9
HumanArchaic 10 10 413888857 10
HumanArchaic 10 10 413888857 12
HumanArchaic 10 10 413888857 15
HumanArchaic 10 10 413888857 20
HumanArchaic 10 10 413888857 30
HumanArchaic 10 10 413888857 50
HumanArchaic 10 10 2039738337 3
HumanArchaic 10 10 2039738337 4
HumanArchaic 10 10 2039738337 5
HumanArchaic 10 10 2039738337 6
HumanArchaic 10 10 2039738337 7
HumanArchaic 10 10 2039738337 8
HumanArchaic 10 10 2039738337 9
HumanArchaic 10 10 2039738337 10
HumanArchaic 10 10 2039738337 12
HumanArchaic 10 10 2039738337 15
HumanArchaic 10 10 2039738337 20
HumanArchaic 10 10 2039738337 30
HumanArchaic 10 10 2039738337 50
HumanArchaic 10 10 223155948 3
HumanArchaic 10 10 223155948 4
HumanArchaic 10 10 223155948 5
HumanArchaic 10 10 223155948 6
HumanArchaic 10 10 223155948 7
HumanArchaic 10 10 223155948 8
HumanArchaic 10 10 223155948 9
HumanArchaic 10 10 223155948 10
HumanArchaic 10 10 223155948 12
HumanArchaic 10 10 223155948 15
HumanArchaic 10 10 223155948 20
HumanArchaic 10 10 223155948 30
HumanArchaic 10 10 223155948 50
HumanArchaic 10 10 670528518 3
HumanArchaic 10 10 670528518 4
HumanArchaic 10 10 670528518 5
HumanArchaic 10 10 670528518 6
HumanArchaic 10 10 670528518 7
HumanArchaic 10 10 670528518 8
HumanArchaic 10 10 670528518 9
HumanArchaic 10 10 670528518 10
HumanArchaic 10 10 670528518 12
HumanArchaic 10 10 670528518 15
HumanArchaic 10 10 670528518 20
HumanArchaic 10 10 670528518 30
HumanArchaic 10 10 670528518 50
HumanArchaic 10 10 1696896587 3
HumanArchaic 10 10 1696896587 4
HumanArchaic 10 10 1696896587 5
HumanArchaic 10 10 1696896587 6
HumanArchaic 10 10 1696896587 7
HumanArchaic 10 10 1696896587 8
HumanArchaic 10 10 1696896587 9
HumanArchaic 10 10 1696896587 10
HumanArchaic 10 10 1696896587 12
HumanArchaic 10 10 1696896587 15
HumanArchaic 10 10 1696896587 20
HumanArchaic 10 10 1696896587 30
HumanArchaic 10 10 1696896587 50
HumanArchaic 10 10 1339984973 3
HumanArchaic 10 10 1339984973 4
HumanArchaic 10 10 1339984973 5
HumanArchaic 10 10 1339984973 6
HumanArchaic 10 10 1339984973 7
HumanArchaic 10 10 1339984973 8
HumanArchaic 10 10 1339984973 9
HumanArchaic 10 10 1339984973 10
HumanArchaic 10 10 1339984973 12
HumanArchaic 10 10 1339984973 15
HumanArchaic 10 10 1339984973 20
HumanArchaic 10 10 1339984973 30
HumanArchaic 10 10 1339984973 50
HumanArchaic 10 10 980395799 3
HumanArchaic 10 10 980395799 4
HumanArchaic 10 10 980395799 5
HumanArchaic 10 10 980395799 6
HumanArchaic 10 10 980395799 7
HumanArchaic 10 10 980395799 8
HumanArchaic 10 10 980395799 9
HumanArchaic 10 10 980395799 10
HumanArchaic 10 10 980395799 12
HumanArchaic 10 10 980395799 15
HumanArchaic 10 10 980395799 20
HumanArchaic 10 10 980395799 30
HumanArchaic 10 10 980395799 50
HumanArchaic 10 10 441282061 3
HumanArchaic 10 10 441282061 4
HumanArchaic 10 10 441282061 5
HumanArchaic 10 10 441282061 6
HumanArchaic 10 10 441282061 7
HumanArchaic 10 10 441282061 8
HumanArchaic 10 10 441282061 9
HumanArchaic 10 10 441282061 10
HumanArchaic 10 10 441282061 12
HumanArchaic 10 10 441282061 15
HumanArchaic 10 10 441282061 20
HumanArchaic 10 10 441282061 30
HumanArchaic 10 10 441282061 50
HumanArchaic 10 10 1367302905 3
HumanArchaic 10 10 1367302905 4
HumanArchaic 10 10 1367302905 5
HumanArchaic 10 10 1367302905 6
HumanArchaic 10 10 1367302905 7
HumanArchaic 10 10 1367302905 8
HumanArchaic 10 10 1367302905 9
HumanArchaic 10 10 1367302905 10
HumanArchaic 10 10 1367302905 12
HumanArchaic 10 10 1367302905 15
HumanArchaic 10 10 1367302905 20
HumanArchaic 10 10 1367302905 30
HumanArchaic 10 10 1367302905 50
HumanArchaic 10 10 1020176959 3
HumanArchaic 10 10 1020176959 4
HumanArchaic 10 10 1020176959 5
HumanArchaic 10 10 1020176959 6
HumanArchaic 10 10 1020176959 7
HumanArchaic 10 10 1020176959 8
HumanArchaic 10 10 1020176959 9
HumanArchaic 10 10 1020176959 10
HumanArchaic 10 10 1020176959 12
HumanArchaic 10 10 1020176959 15
HumanArchaic 10 10 1020176959 20
HumanArchaic 10 10 1020176959 30
HumanArchaic 10 10 1020176959 50
HumanArchaic 10 10 956714 3
HumanArchaic 10 10 956714 4
HumanArchaic 10 10 956714 5
HumanArchaic 10 10 956714 6
HumanArchaic 10 10 956714 7
HumanArchaic 10 10 956714 8
HumanArchaic 10 10 956714 9
HumanArchaic 10 10 956714 10
HumanArchaic 10 10 956714 12
HumanArchaic 10 10 956714 15
HumanArchaic 10 10 956714 20
HumanArchaic 10 10 956714 30
HumanArchaic 10 10 956714 50
HumanArchaic 10 10 1629275283 3
HumanArchaic 10 10 1629275283 4
HumanArchaic 10 10 1629275283 5
HumanArchaic 10 10 1629275283 6
HumanArchaic 10 10 1629275283 7
HumanArchaic 10 10 1629275283 8
HumanArchaic 10 10 1629275283 9
HumanArchaic 10 10 1629275283 10
HumanArchaic 10 10 1629275283 12
HumanArchaic 10 10 1629275283 15
HumanArchaic 10 10 1629275283 20
HumanArchaic 10 10 1629275283 30
HumanArchaic 10 10 1629275283 50
HumanArchaic 10 10 1332253363 3
HumanArchaic 10 10 1332253363 4
HumanArchaic 10 10 1332253363 5
HumanArchaic 10 10 1332253363 6
HumanArchaic 10 10 1332253363 7
HumanArchaic 10 10 1332253363 8
HumanArchaic 10 10 1332253363 9
HumanArchaic 10 10 1332253363 10
HumanArchaic 10 10 1332253363 12
HumanArchaic 10 10 1332253363 15
HumanArchaic 10 10 1332253363 20
HumanArchaic 10 10 1332253363 30
HumanArchaic 10 10 1332253363 50
HumanArchaic 10 10 855712339 3
HumanArchaic 10 10 855712339 4
HumanArchaic 10 10 855712339 5
HumanArchaic 10 10 855712339 6
HumanArchaic 10 10 855712339 7
HumanArchaic 10 10 855712339 8
HumanArchaic 10 10 855712339 9
HumanArchaic 10 10 855712339 10
HumanArchaic 10 10 855712339 12
HumanArchaic 10 10 855712339 15
HumanArchaic 10 10 855712339 20
HumanArchaic 10 10 855712339 30
HumanArchaic 10 10 855712339 50
HumanArchaic 10 10 412181690 3
HumanArchaic 10 10 412181690 4
HumanArchaic 10 10 412181690 5
HumanArchaic 10 10 412181690 6
HumanArchaic 10 10 412181690 7
HumanArchaic 10 10 412181690 8
HumanArchaic 10 10 412181690 9
HumanArchaic 10 10 412181690 10
HumanArchaic 10 10 412181690 12
HumanArchaic 10 10 412181690 15
HumanArchaic 10 10 412181690 20
HumanArchaic 10 10 412181690 30
HumanArchaic 10 10 412181690 50
HumanArchaic 10 10 2082823983 3
HumanArchaic 10 10 2082823983 4
HumanArchaic 10 10 2082823983 5
HumanArchaic 10 10 2082823983 6
HumanArchaic 10 10 2082823983 7
HumanArchaic 10 10 2082823983 8
HumanArchaic 10 10 2082823983 9
HumanArchaic 10 10 2082823983 10
HumanArchaic 10 10 2082823983 12
HumanArchaic 10 10 2082823983 15
HumanArchaic 10 10 2082823983 20
HumanArchaic 10 10 2082823983 30
HumanArchaic 10 10 2082823983 50
HumanArchaic 10 10 940383291 3
HumanArchaic 10 10 940383291 4
HumanArchaic 10 10 940383291 5
HumanArchaic 10 10 940383291 6
HumanArchaic 10 10 940383291 7
HumanArchaic 10 10 940383291 8
HumanArchaic 10 10 940383291 9
HumanArchaic 10 10 940383291 10
HumanArchaic 10 10 940383291 12
HumanArchaic 10 10 940383291 15
HumanArchaic 10 10 940383291 20
HumanArchaic 10 10 940383291 30
HumanArchaic 10 10 940383291 50
HumanArchaic 10 10 1783365912 3
HumanArchaic 10 10 1783365912 4
HumanArchaic 10 10 1783365912 5
HumanArchaic 10 10 1783365912 6
HumanArchaic 10 10 1783365912 7
HumanArchaic 10 10 1783365912 8
HumanArchaic 10 10 1783365912 9
HumanArchaic 10 10 1783365912 10
HumanArchaic 10 10 1783365912 12
HumanArchaic 10 10 1783365912 15
HumanArchaic 10 10 1783365912 20
HumanArchaic 10 10 1783365912 30
HumanArchaic 10 10 1783365912 50
HumanArchaic 10 10 1111189910 3
HumanArchaic 10 10 1111189910 4
HumanArchaic 10 10 1111189910 5
HumanArchaic 10 10 1111189910 6
HumanArchaic 10 10 1111189910 7
HumanArchaic 10 10 1111189910 8
HumanArchaic 10 10 1111189910 9
HumanArchaic 10 10 1111189910 10
HumanArchaic 10 10 1111189910 12
HumanArchaic 10 10 1111189910 15
HumanArchaic 10 10 1111189910 20
HumanArchaic 10 10 1111189910 30
HumanArchaic 10 10 1111189910 50
HumanArchaic 10 10 595547912 3
HumanArchaic 10 10 595547912 4
HumanArchaic 10 10 595547912 5
HumanArchaic 10 10 595547912 6
HumanArchaic 10 10 595547912 7
HumanArchaic 10 10 595547912 8
HumanArchaic 10 10 595547912 9
HumanArchaic 10 10 595547912 10
HumanArchaic 10 10 595547912 12
HumanArchaic 10 10 595547912 15
HumanArchaic 10 10 595547912 20
HumanArchaic 10 10 595547912 30
HumanArchaic 10 10 595547912 50
HumanArchaic 10 10 2010498898 3
HumanArchaic 10 10 2010498898 4
HumanArchaic 10 10 2010498898 5
HumanArchaic 10 10 2010498898 6
HumanArchaic 10 10 2010498898 7
HumanArchaic 10 10 2010498898 8
HumanArchaic 10 10 2010498898 9
HumanArchaic 10 10 2010498898 10
HumanArchaic 10 10 2010498898 12
HumanArchaic 10 10 2010498898 15
HumanArchaic 10 10 2010498898 20
HumanArchaic 10 10 2010498898 30
HumanArchaic 10 10 2010498898 50
HumanArchaic 10 10 1113642048 3
HumanArchaic 10 10 1113642048 4
HumanArchaic 10 10 1113642048 5
HumanArchaic 10 10 1113642048 6
HumanArchaic 10 10 1113642048 7
HumanArchaic 10 10 1113642048 8
HumanArchaic 10 10 1113642048 9
HumanArchaic 10 10 1113642048 10
HumanArchaic 10 10 1113642048 12
HumanArchaic 10 10 1113642048 15
HumanArchaic 10 10 1113642048 20
HumanArchaic 10 10 1113642048 30
HumanArchaic 10 10 1113642048 50
HumanArchaic 10 10 1972992892 3
HumanArchaic 10 10 1972992892 4
HumanArchaic 10 10 1972992892 5
HumanArchaic 10 10 1972992892 6
HumanArchaic 10 10 1972992892 7
HumanArchaic 10 10 1972992892 8
HumanArchaic 10 10 1972992892 9
HumanArchaic 10 10 1972992892 10
HumanArchaic 10 10 1972992892 12
HumanArchaic 10 10 1972992892 15
HumanArchaic 10 10 1972992892 20
HumanArchaic 10 10 1972992892 30
HumanArchaic 10 10 1972992892 50
HumanArchaic 10 10 247058945 3
HumanArchaic 10 10 247058945 4
HumanArchaic 10 10 247058945 5
HumanArchaic 10 10 247058945 6
HumanArchaic 10 10 247058945 7
HumanArchaic 10 10 247058945 8
HumanArchaic 10 10 247058945 9
HumanArchaic 10 10 247058945 10
HumanArchaic 10 10 247058945 12
HumanArchaic 10 10 247058945 15
HumanArchaic 10 10 247058945 20
HumanArchaic 10 10 247058945 30
HumanArchaic 10 10 247058945 50
HumanArchaic 10 10 899837659 3
HumanArchaic 10 10 899837659 4
HumanArchaic 10 10 899837659 5
HumanArchaic 10 10 899837659 6
HumanArchaic 10 10 899837659 7
HumanArchaic 10 10 899837659 8
HumanArchaic 10 10 899837659 9
HumanArchaic 10 10 899837659 10
HumanArchaic 10 10 899837659 12
HumanArchaic 10 10 899837659 15
HumanArchaic 10 10 899837659 20
HumanArchaic 10 10 899837659 30
HumanArchaic 10 10 899837659 50
HumanArchaic 10 10 830884525 3
HumanArchaic 10 10 830884525 4
HumanArchaic 10 10 830884525 5
HumanArchaic 10 10 830884525 6
HumanArchaic 10 10 830884525 7
HumanArchaic 10 10 830884525 8
HumanArchaic 10 10 830884525 9
HumanArchaic 10 10 830884525 10
HumanArchaic 10 10 830884525 12
HumanArchaic 10 10 830884525 15
HumanArchaic 10 10 830884525 20
HumanArchaic 10 10 830884525 30
HumanArchaic 10 10 830884525 50
HumanArchaic 10 10 764731834 3
HumanArchaic 10 10 764731834 4
HumanArchaic 10 10 764731834 5
HumanArchaic 10 10 764731834 6
HumanArchaic 10 10 764731834 7
HumanArchaic 10 10 764731834 8
HumanArchaic 10 10 764731834 9
HumanArchaic 10 10 764731834 10
HumanArchaic 10 10 764731834 12
HumanArchaic 10 10 764731834 15
HumanArchaic 10 10 764731834 20
HumanArchaic 10 10 764731834 30
HumanArchaic 10 10 764731834 50
HumanArchaic 10 10 1774934415 3
HumanArchaic 10 10 1774934415 4
HumanArchaic 10 10 1774934415 5
HumanArchaic 10 10 1774934415 6
HumanArchaic 10 10 1774934415 7
HumanArchaic 10 10 1774934415 8
HumanArchaic 10 10 1774934415 9
HumanArchaic 10 10 1774934415 10
HumanArchaic 10 10 1774934415 12
HumanArchaic 10 10 1774934415 15
HumanArchaic 10 10 1774934415 20
HumanArchaic 10 10 1774934415 30
HumanArchaic 10 10 1774934415 50
HumanArchaic 50 10 1845187043 3
HumanArchaic 50 10 1845187043 4
HumanArchaic 50 10 1845187043 5
HumanArchaic 50 10 1845187043 6
HumanArchaic 50 10 1845187043 7
HumanArchaic 50 10 1845187043 8
HumanArchaic 50 10 1845187043 9
HumanArchaic 50 10 1845187043 10
HumanArchaic 50 10 1845187043 12
HumanArchaic 50 10 1845187043 15
HumanArchaic 50 10 1845187043 20
HumanArchaic 50 10 1845187043 30
HumanArchaic 50 10 1845187043 50
HumanArchaic 50 10 1675701734 3
HumanArchaic 50 10 1675701734 4
HumanArchaic 50 10 1675701734 5
HumanArchaic 50 10 1675701734 6
HumanArchaic 50 10 1675701734 7
HumanArchaic 50 10 1675701734 8
HumanArchaic 50 10 1675701734 9
HumanArchaic 50 10 1675701734 10
HumanArchaic 50 10 1675701734 12
HumanArchaic 50 10 1675701734 15
HumanArchaic 50 10 1675701734 20
HumanArchaic 50 10 1675701734 30
HumanArchaic 50 10 1675701734 50
HumanArchaic 50 10 1358822686 3
HumanArchaic 50 10 1358822686 4
HumanArchaic 50 10 1358822686 5
HumanArchaic 50 10 1358822686 6
HumanArchaic 50 10 1358822686 7
HumanArchaic 50 10 1358822686 8
HumanArchaic 50 10 1358822686 9
HumanArchaic 50 10 1358822686 10
HumanArchaic 50 10 1358822686 12
HumanArchaic 50 10 1358822686 15
HumanArchaic 50 10 1358822686 20
HumanArchaic 50 10 1358822686 30
HumanArchaic 50 10 1358822686 50
HumanArchaic 50 10 561383554 3
HumanArchaic 50 10 561383554 4
HumanArchaic 50 10 561383554 5
HumanArchaic 50 10 561383554 6
HumanArchaic 50 10 561383554 7
HumanArchaic 50 10 561383554 8
HumanArchaic 50 10 561383554 9
HumanArchaic 50 10 561383554 10
HumanArchaic 50 10 561383554 12
HumanArchaic 50 10 561383554 15
HumanArchaic 50 10 561383554 20
HumanArchaic 50 10 561383554 30
HumanArchaic 50 10 561383554 50
HumanArchaic 50 10 789925285 3
HumanArchaic 50 10 789925285 4
HumanArchaic 50 10 789925285 5
HumanArchaic 50 10 789925285 6
HumanArchaic 50 10 789925285 7
HumanArchaic 50 10 789925285 8
HumanArchaic 50 10 789925285 9
HumanArchaic 50 10 789925285 10
HumanArchaic 50 10 789925285 12
HumanArchaic 50 10 789925285 15
HumanArchaic 50 10 789925285 20
HumanArchaic 50 10 789925285 30
HumanArchaic 50 10 789925285 50
HumanArchaic 50 10 170765738 3
HumanArchaic 50 10 170765738 4
HumanArchaic 50 10 170765738 5
HumanArchaic 50 10 170765738 6
HumanArchaic 50 10 170765738 7
HumanArchaic 50 10 170765738 8
HumanArchaic 50 10 170765738 9
HumanArchaic 50 10 170765738 10
HumanArchaic 50 10 170765738 12
HumanArchaic 50 10 170765738 15
HumanArchaic 50 10 170765738 20
HumanArchaic 50 10 170765738 30
HumanArchaic 50 10 170765738 50
HumanArchaic 50 10 878579711 3
HumanArchaic 50 10 878579711 4
HumanArchaic 50 10 878579711 5
HumanArchaic 50 10 878579711 6
HumanArchaic 50 10 878579711 7
HumanArchaic 50 10 878579711 8
HumanArchaic 50 10 878579711 9
HumanArchaic 50 10 878579711 10
HumanArchaic 50 10 878579711 12
HumanArchaic 50 10 878579711 15
HumanArchaic 50 10 878579711 20
HumanArchaic 50 10 878579711 30
HumanArchaic 50 10 878579711 50
HumanArchaic 50 10 1402032511 3
HumanArchaic 50 10 1402032511 4
HumanArchaic 50 10 1402032511 5
HumanArchaic 50 10 1402032511 6
HumanArchaic 50 10 1402032511 7
HumanArchaic 50 10 1402032511 8
HumanArchaic 50 10 1402032511 9
HumanArchaic 50 10 1402032511 10
HumanArchaic 50 10 1402032511 12
HumanArchaic 50 10 1402032511 15
HumanArchaic 50 10 1402032511 20
HumanArchaic 50 10 1402032511 30
HumanArchaic 50 10 1402032511 50
HumanArchaic 50 10 290876774 3
HumanArchaic 50 10 290876774 4
HumanArchaic 50 10 290876774 5
HumanArchaic 50 10 290876774 6
HumanArchaic 50 10 290876774 7
HumanArchaic 50 10 290876774 8
HumanArchaic 50 10 290876774 9
HumanArchaic 50 10 290876774 10
HumanArchaic 50 10 290876774 12
HumanArchaic 50 10 290876774 15
HumanArchaic 50 10 290876774 20
HumanArchaic 50 10 290876774 30
HumanArchaic 50 10 290876774 50
HumanArchaic 50 10 137773603 3
HumanArchaic 50 10 137773603 4
HumanArchaic 50 10 137773603 5
HumanArchaic 50 10 137773603 6
HumanArchaic 50 10 137773603 7
HumanArchaic 50 10 137773603 8
HumanArchaic 50 10 137773603 9
HumanArchaic 50 10 137773603 10
HumanArchaic 50 10 137773603 12
HumanArchaic 50 10 137773603 15
HumanArchaic 50 10 137773603 20
HumanArchaic 50 10 137773603 30
HumanArchaic 50 10 137773603 50
HumanArchaic 50 10 410361374 3
HumanArchaic 50 10 410361374 4
HumanArchaic 50 10 410361374 5
HumanArchaic 50 10 410361374 6
HumanArchaic 50 10 410361374 7
HumanArchaic 50 10 410361374 8
HumanArchaic 50 10 410361374 9
HumanArchaic 50 10 410361374 10
HumanArchaic 50 10 410361374 12
HumanArchaic 50 10 410361374 15
HumanArchaic 50 10 410361374 20
HumanArchaic 50 10 410361374 30
HumanArchaic 50 10 410361374 50
HumanArchaic 50 10 1959836418 3
HumanArchaic 50 10 1959836418 4
HumanArchaic 50 10 1959836418 5
HumanArchaic 50 10 1959836418 6
HumanArchaic 50 10 1959836418 7
HumanArchaic 50 10 1959836418 8
HumanArchaic 50 10 1959836418 9
HumanArchaic 50 10 1959836418 10
HumanArchaic 50 10 1959836418 12
HumanArchaic 50 10 1959836418 15
HumanArchaic 50 10 1959836418 20
HumanArchaic 50 10 1959836418 30
HumanArchaic 50 10 1959836418 50
HumanArchaic 50 10 1995074679 3
HumanArchaic 50 10 1995074679 4
HumanArchaic 50 10 1995074679 5
HumanArchaic 50 10 1995074679 6
HumanArchaic 50 10 1995074679 7
HumanArchaic 50 10 1995074679 8
HumanArchaic 50 10 1995074679 9
HumanArchaic 50 10 1995074679 10
HumanArchaic 50 10 1995074679 12
HumanArchaic 50 10 1995074679 15
HumanArchaic 50 10 1995074679 20
HumanArchaic 50 10 1995074679 30
HumanArchaic 50 10 1995074679 50
HumanArchaic 50 10 1983958386 3
HumanArchaic 50 10 1983958386 4
HumanArchaic 50 10 1983958386 5
HumanArchaic 50 10 1983958386 6
HumanArchaic 50 10 1983958386 7
HumanArchaic 50 10 1983958386 8
HumanArchaic 50 10 1983958386 9
HumanArchaic 50 10 1983958386 10
HumanArchaic 50 10 1983958386 12
HumanArchaic 50 10 1983958386 15
HumanArchaic 50 10 1983958386 20
HumanArchaic 50 10 1983958386 30
HumanArchaic 50 10 1983958386 50
HumanArchaic 50 10 657890620 3
HumanArchaic 50 10 657890620 4
HumanArchaic 50 10 657890620 5
HumanArchaic 50 10 657890620 6
HumanArchaic 50 10 657890620 7
HumanArchaic 50 10 657890620 8
HumanArchaic 50 10 657890620 9
HumanArchaic 50 10 657890620 10
HumanArchaic 50 10 657890620 12
HumanArchaic 50 10 657890620 15
HumanArchaic 50 10 657890620 20
HumanArchaic 50 10 657890620 30
HumanArchaic 50 10 657890620 50
HumanArchaic 50 10 1819941519 3
HumanArchaic 50 10 1819941519 4
HumanArchaic 50 10 1819941519 5
HumanArchaic 50 10 1819941519 6
HumanArchaic 50 10 1819941519 7
HumanArchaic 50 10 1819941519 8
HumanArchaic 50 10 1819941519 9
HumanArchaic 50 10 1819941519 10
HumanArchaic 50 10 1819941519 12
HumanArchaic 50 10 1819941519 15
HumanArchaic 50 10 1819941519 20
HumanArchaic 50 10 1819941519 30
HumanArchaic 50 10 1819941519 50
HumanArchaic 50 10 1069045866 3
HumanArchaic 50 10 1069045866 4
HumanArchaic 50 10 1069045866 5
HumanArchaic 50 10 1069045866 6
HumanArchaic 50 10 1069045866 7
HumanArchaic 50 10 1069045866 8
HumanArchaic 50 10 1069045866 9
HumanArchaic 50 10 1069045866 10
HumanArchaic 50 10 1069045866 12
HumanArchaic 50 10 1069045866 15
HumanArchaic 50 10 1069045866 20
HumanArchaic 50 10 1069045866 30
HumanArchaic 50 10 1069045866 50
HumanArchaic 50 10 1605979228 3
HumanArchaic 50 10 1605979228 4
HumanArchaic 50 10 1605979228 5
HumanArchaic 50 10 1605979228 6
HumanArchaic 50 10 1605979228 7
HumanArchaic 50 10 1605979228 8
HumanArchaic 50 10 1605979228 9
HumanArchaic 50 10 1605979228 10
HumanArchaic 50 10 1605979228 12
HumanArchaic 50 10 1605979228 15
HumanArchaic 50 10 1605979228 20
HumanArchaic 50 10 1605979228 30
HumanArchaic 50 10 1605979228 50
HumanArchaic 50 10 659577592 3
HumanArchaic 50 10 659577592 4
HumanArchaic 50 10 659577592 5
HumanArchaic 50 10 659577592 6
HumanArchaic 50 10 659577592 7
HumanArchaic 50 10 659577592 8
HumanArchaic 50 10 659577592 9
HumanArchaic 50 10 659577592 10
HumanArchaic 50 10 659577592 12
HumanArchaic 50 10 659577592 15
HumanArchaic 50 10 659577592 20
HumanArchaic 50 10 659577592 30
HumanArchaic 50 10 659577592 50
HumanArchaic 50 10 665605495 3
HumanArchaic 50 10 665605495 4
HumanArchaic 50 10 665605495 5
HumanArchaic 50 10 665605495 6
HumanArchaic 50 10 665605495 7
HumanArchaic 50 10 665605495 8
HumanArchaic 50 10 665605495 9
HumanArchaic 50 10 665605495 10
HumanArchaic 50 10 665605495 12
HumanArchaic 50 10 665605495 15
HumanArchaic 50 10 665605495 20
HumanArchaic 50 10 665605495 30
HumanArchaic 50 10 665605495 50
HumanArchaic 50 10 1063926993 3
HumanArchaic 50 10 1063926993 4
HumanArchaic 50 10 1063926993 5
HumanArchaic 50 10 1063926993 6
HumanArchaic 50 10 1063926993 7
HumanArchaic 50 10 1063926993 8
HumanArchaic 50 10 1063926993 9
HumanArchaic 50 10 1063926993 10
HumanArchaic 50 10 1063926993 12
HumanArchaic 50 10 1063926993 15
HumanArchaic 50 10 1063926993 20
HumanArchaic 50 10 1063926993 30
HumanArchaic 50 10 1063926993 50
HumanArchaic 50 10 1685103475 3
HumanArchaic 50 10 1685103475 4
HumanArchaic 50 10 1685103475 5
HumanArchaic 50 10 1685103475 6
HumanArchaic 50 10 1685103475 7
HumanArchaic 50 10 1685103475 8
HumanArchaic 50 10 1685103475 9
HumanArchaic 50 10 1685103475 10
HumanArchaic 50 10 1685103475 12
HumanArchaic 50 10 1685103475 15
HumanArchaic 50 10 1685103475 20
HumanArchaic 50 10 1685103475 30
HumanArchaic 50 10 1685103475 50
HumanArchaic 50 10 1981297354 3
HumanArchaic 50 10 1981297354 4
HumanArchaic 50 10 1981297354 5
HumanArchaic 50 10 1981297354 6
HumanArchaic 50 10 1981297354 7
HumanArchaic 50 10 1981297354 8
HumanArchaic 50 10 1981297354 9
HumanArchaic 50 10 1981297354 10
HumanArchaic 50 10 1981297354 12
HumanArchaic 50 10 1981297354 15
HumanArchaic 50 10 1981297354 20
HumanArchaic 50 10 1981297354 30
HumanArchaic 50 10 1981297354 50
HumanArchaic 50 10 115061004 3
HumanArchaic 50 10 115061004 4
HumanArchaic 50 10 115061004 5
HumanArchaic 50 10 115061004 6
HumanArchaic 50 10 115061004 7
HumanArchaic 50 10 115061004 8
HumanArchaic 50 10 115061004 9
HumanArchaic 50 10 115061004 10
HumanArchaic 50 10 115061004 12
HumanArchaic 50 10 115061004 15
HumanArchaic 50 10 115061004 20
HumanArchaic 50 10 115061004 30
HumanArchaic 50 10 115061004 50
HumanArchaic 50 10 36027470 3
HumanArchaic 50 10 36027470 4
HumanArchaic 50 10 36027470 5
HumanArchaic 50 10 36027470 6
HumanArchaic 50 10 36027470 7
HumanArchaic 50 10 36027470 8
HumanArchaic 50 10 36027470 9
HumanArchaic 50 10 36027470 10
HumanArchaic 50 10 36027470 12
HumanArchaic 50 10 36027470 15
HumanArchaic 50 10 36027470 20
HumanArchaic 50 10 36027470 30
HumanArchaic 50 10 36027470 50
HumanArchaic 50 10 1251993227 3
HumanArchaic 50 10 1251993227 4
HumanArchaic 50 10 1251993227 5
HumanArchaic 50 10 1251993227 6
HumanArchaic 50 10 1251993227 7
HumanArchaic 50 10 1251993227 8
HumanArchaic 50 10 1251993227 9
HumanArchaic 50 10 1251993227 10
HumanArchaic 50 10 1251993227 12
HumanArchaic 50 10 1251993227 15
HumanArchaic 50 10 1251993227 20
HumanArchaic 50 10 1251993227 30
HumanArchaic 50 10 1251993227 50
HumanArchaic 50 10 457175122 3
HumanArchaic 50 10 457175122 4
HumanArchaic 50 10 457175122 5
HumanArchaic 50 10 457175122 6
HumanArchaic 50 10 457175122 7
HumanArchaic 50 10 457175122 8
HumanArchaic 50 10 457175122 9
HumanArchaic 50 10 457175122 10
HumanArchaic 50 10 457175122 12
HumanArchaic 50 10 457175122 15
HumanArchaic 50 10 457175122 20
HumanArchaic 50 10 457175122 30
HumanArchaic 50 10 457175122 50
HumanArchaic 50 10 1712592595 3
HumanArchaic 50 10 1712592595 4
HumanArchaic 50 10 1712592595 5
HumanArchaic 50 10 1712592595 6
HumanArchaic 50 10 1712592595 7
HumanArchaic 50 10 1712592595 8
HumanArchaic 50 10 1712592595 9
HumanArchaic 50 10 1712592595 10
HumanArchaic 50 10 1712592595 12
HumanArchaic 50 10 1712592595 15
HumanArchaic 50 10 1712592595 20
HumanArchaic 50 10 1712592595 30
HumanArchaic 50 10 1712592595 50
HumanArchaic 50 10 1282922663 3
HumanArchaic 50 10 1282922663 4
HumanArchaic 50 10 1282922663 5
HumanArchaic 50 10 1282922663 6
HumanArchaic 50 10 1282922663 7
HumanArchaic 50 10 1282922663 8
HumanArchaic 50 10 1282922663 9
HumanArchaic 50 10 1282922663 10
HumanArchaic 50 10 1282922663 12
HumanArchaic 50 10 1282922663 15
HumanArchaic 50 10 1282922663 20
HumanArchaic 50 10 1282922663 30
HumanArchaic 50 10 1282922663 50
HumanArchaic 50 10 1319794952 3
HumanArchaic 50 10 1319794952 4
HumanArchaic 50 10 1319794952 5
HumanArchaic 50 10 1319794952 6
HumanArchaic 50 10 1319794952 7
HumanArchaic 50 10 1319794952 8
HumanArchaic 50 10 1319794952 9
HumanArchaic 50 10 1319794952 10
HumanArchaic 50 10 1319794952 12
HumanArchaic 50 10 1319794952 15
HumanArchaic 50 10 1319794952 20
HumanArchaic 50 10 1319794952 30
HumanArchaic 50 10 1319794952 50
HumanArchaic 50 10 671780908 3
HumanArchaic 50 10 671780908 4
HumanArchaic 50 10 671780908 5
HumanArchaic 50 10 671780908 6
HumanArchaic 50 10 671780908 7
HumanArchaic 50 10 671780908 8
HumanArchaic 50 10 671780908 9
HumanArchaic 50 10 671780908 10
HumanArchaic 50 10 671780908 12
HumanArchaic 50 10 671780908 15
HumanArchaic 50 10 671780908 20
HumanArchaic 50 10 671780908 30
HumanArchaic 50 10 671780908 50
HumanArchaic 50 10 545865960 3
HumanArchaic 50 10 545865960 4
HumanArchaic 50 10 545865960 5
HumanArchaic 50 10 545865960 6
HumanArchaic 50 10 545865960 7
HumanArchaic 50 10 545865960 8
HumanArchaic 50 10 545865960 9
HumanArchaic 50 10 545865960 10
HumanArchaic 50 10 545865960 12
HumanArchaic 50 10 545865960 15
HumanArchaic 50 10 545865960 20
HumanArchaic 50 10 545865960 30
HumanArchaic 50 10 545865960 50
HumanArchaic 50 10 1330634776 3
HumanArchaic 50 10 1330634776 4
HumanArchaic 50 10 1330634776 5
HumanArchaic 50 10 1330634776 6
HumanArchaic 50 10 1330634776 7
HumanArchaic 50 10 1330634776 8
HumanArchaic 50 10 1330634776 9
HumanArchaic 50 10 1330634776 10
HumanArchaic 50 10 1330634776 12
HumanArchaic 50 10 1330634776 15
HumanArchaic 50 10 1330634776 20
HumanArchaic 50 10 1330634776 30
HumanArchaic 50 10 1330634776 50
HumanArchaic 50 10 1752024094 3
HumanArchaic 50 10 1752024094 4
HumanArchaic 50 10 1752024094 5
HumanArchaic 50 10 1752024094 6
HumanArchaic 50 10 1752024094 7
HumanArchaic 50 10 1752024094 8
HumanArchaic 50 10 1752024094 9
HumanArchaic 50 10 1752024094 10
HumanArchaic 50 10 1752024094 12
HumanArchaic 50 10 1752024094 15
HumanArchaic 50 10 1752024094 20
HumanArchaic 50 10 1752024094 30
HumanArchaic 50 10 1752024094 50
HumanArchaic 50 10 1598483385 3
HumanArchaic 50 10 1598483385 4
HumanArchaic 50 10 1598483385 5
HumanArchaic 50 10 1598483385 6
HumanArchaic 50 10 1598483385 7
HumanArchaic 50 10 1598483385 8
HumanArchaic 50 10 1598483385 9
HumanArchaic 50 10 1598483385 10
HumanArchaic 50 10 1598483385 12
HumanArchaic 50 10 1598483385 15
HumanArchaic 50 10 1598483385 20
HumanArchaic 50 10 1598483385 30
HumanArchaic 50 10 1598483385 50
HumanArchaic 50 10 242224568 3
HumanArchaic 50 10 242224568 4
HumanArchaic 50 10 242224568 5
HumanArchaic 50 10 242224568 6
HumanArchaic 50 10 242224568 7
HumanArchaic 50 10 242224568 8
HumanArchaic 50 10 242224568 9
HumanArchaic 50 10 242224568 10
HumanArchaic 50 10 242224568 12
HumanArchaic 50 10 242224568 15
HumanArchaic 50 10 242224568 20
HumanArchaic 50 10 242224568 30
HumanArchaic 50 10 242224568 50
HumanArchaic 50 10 1995646240 3
HumanArchaic 50 10 1995646240 4
HumanArchaic 50 10 1995646240 5
HumanArchaic 50 10 1995646240 6
HumanArchaic 50 10 1995646240 7
HumanArchaic 50 10 1995646240 8
HumanArchaic 50 10 1995646240 9
HumanArchaic 50 10 1995646240 10
HumanArchaic 50 10 1995646240 12
HumanArchaic 50 10 1995646240 15
HumanArchaic 50 10 1995646240 20
HumanArchaic 50 10 1995646240 30
HumanArchaic 50 10 1995646240 50
HumanArchaic 50 10 1459942078 3
HumanArchaic 50 10 1459942078 4
HumanArchaic 50 10 1459942078 5
HumanArchaic 50 10 1459942078 6
HumanArchaic 50 10 1459942078 7
HumanArchaic 50 10 1459942078 8
HumanArchaic 50 10 1459942078 9
HumanArchaic 50 10 1459942078 10
HumanArchaic 50 10 1459942078 12
HumanArchaic 50 10 1459942078 15
HumanArchaic 50 10 1459942078 20
HumanArchaic 50 10 1459942078 30
HumanArchaic 50 10 1459942078 50
HumanArchaic 50 10 960721250 3
HumanArchaic 50 10 960721250 4
HumanArchaic 50 10 960721250 5
HumanArchaic 50 10 960721250 6
HumanArchaic 50 10 960721250 7
HumanArchaic 50 10 960721250 8
