BonoboGhost 50 10 1402032511 15
BonoboGhost 50 10 1402032511 20
BonoboGhost 50 10 1402032511 30
BonoboGhost 50 10 1402032511 50
BonoboGhost 50 10 290876774 3
BonoboGhost 50 10 290876774 4
BonoboGhost 50 10 290876774 5
BonoboGhost 50 10 290876774 6
BonoboGhost 50 10 290876774 7
BonoboGhost 50 10 290876774 8
BonoboGhost 50 10 290876774 9
BonoboGhost 50 10 290876774 10
BonoboGhost 50 10 290876774 12
BonoboGhost 50 10 290876774 15
BonoboGhost 50 10 290876774 20
BonoboGhost 50 10 290876774 30
BonoboGhost 50 10 290876774 50
BonoboGhost 50 10 137773603 3
BonoboGhost 50 10 137773603 4
BonoboGhost 50 10 137773603 5
BonoboGhost 50 10 137773603 6
BonoboGhost 50 10 137773603 7
BonoboGhost 50 10 137773603 8
BonoboGhost 50 10 137773603 9
BonoboGhost 50 10 137773603 10
BonoboGhost 50 10 137773603 12
BonoboGhost 50 10 137773603 15
BonoboGhost 50 10 137773603 20
BonoboGhost 50 10 137773603 30
BonoboGhost 50 10 137773603 50
BonoboGhost 50 10 410361374 3
BonoboGhost 50 10 410361374 4
BonoboGhost 50 10 410361374 5
BonoboGhost 50 10 410361374 6
BonoboGhost 50 10 410361374 7
BonoboGhost 50 10 410361374 8
BonoboGhost 50 10 410361374 9
BonoboGhost 50 10 410361374 10
BonoboGhost 50 10 410361374 12
BonoboGhost 50 10 410361374 15
BonoboGhost 50 10 410361374 20
BonoboGhost 50 10 410361374 30
BonoboGhost 50 10 410361374 50
BonoboGhost 50 10 1959836418 3
BonoboGhost 50 10 1959836418 4
BonoboGhost 50 10 1959836418 5
BonoboGhost 50 10 1959836418 6
BonoboGhost 50 10 1959836418 7
BonoboGhost 50 10 1959836418 8
BonoboGhost 50 10 1959836418 9
BonoboGhost 50 10 1959836418 10
BonoboGhost 50 10 1959836418 12
BonoboGhost 50 10 1959836418 15
BonoboGhost 50 10 1959836418 20
BonoboGhost 50 10 1959836418 30
BonoboGhost 50 10 1959836418 50
BonoboGhost 50 10 1995074679 3
BonoboGhost 50 10 1995074679 4
BonoboGhost 50 10 1995074679 5
BonoboGhost 50 10 1995074679 6
BonoboGhost 50 10 1995074679 7
BonoboGhost 50 10 1995074679 8
BonoboGhost 50 10 1995074679 9
BonoboGhost 50 10 1995074679 10
BonoboGhost 50 10 1995074679 12
BonoboGhost 50 10 1995074679 15
BonoboGhost 50 10 1995074679 20
BonoboGhost 50 10 1995074679 30
BonoboGhost 50 10 1995074679 50
BonoboGhost 50 10 1983958386 3
BonoboGhost 50 10 1983958386 4
BonoboGhost 50 10 1983958386 5
BonoboGhost 50 10 1983958386 6
BonoboGhost 50 10 1983958386 7
BonoboGhost 50 10 1983958386 8
BonoboGhost 50 10 1983958386 9
BonoboGhost 50 10 1983958386 10
BonoboGhost 50 10 1983958386 12
BonoboGhost 50 10 1983958386 15
BonoboGhost 50 10 1983958386 20
BonoboGhost 50 10 1983958386 30
BonoboGhost 50 10 1983958386 50
BonoboGhost 50 10 657890620 3
BonoboGhost 50 10 657890620 4
BonoboGhost 50 10 657890620 5
BonoboGhost 50 10 657890620 6
BonoboGhost 50 10 657890620 7
BonoboGhost 50 10 657890620 8
BonoboGhost 50 10 657890620 9
BonoboGhost 50 10 657890620 10
BonoboGhost 50 10 657890620 12
BonoboGhost 50 10 657890620 15
BonoboGhost 50 10 657890620 20
BonoboGhost 50 10 657890620 30
BonoboGhost 50 10 657890620 50
BonoboGhost 50 10 1819941519 3
BonoboGhost 50 10 1819941519 4
BonoboGhost 50 10 1819941519 5
BonoboGhost 50 10 1819941519 6
BonoboGhost 50 10 1819941519 7
BonoboGhost 50 10 1819941519 8
BonoboGhost 50 10 1819941519 9
BonoboGhost 50 10 1819941519 10
BonoboGhost 50 10 1819941519 12
BonoboGhost 50 10 1819941519 15
BonoboGhost 50 10 1819941519 20
BonoboGhost 50 10 1819941519 30
BonoboGhost 50 10 1819941519 50
BonoboGhost 50 10 1069045866 3
BonoboGhost 50 10 1069045866 4
BonoboGhost 50 10 1069045866 5
BonoboGhost 50 10 1069045866 6
BonoboGhost 50 10 1069045866 7
BonoboGhost 50 10 1069045866 8
BonoboGhost 50 10 1069045866 9
BonoboGhost 50 10 1069045866 10
BonoboGhost 50 10 1069045866 12
BonoboGhost 50 10 1069045866 15
BonoboGhost 50 10 1069045866 20
BonoboGhost 50 10 1069045866 30
BonoboGhost 50 10 1069045866 50
BonoboGhost 50 10 1605979228 3
BonoboGhost 50 10 1605979228 4
BonoboGhost 50 10 1605979228 5
BonoboGhost 50 10 1605979228 6
BonoboGhost 50 10 1605979228 7
BonoboGhost 50 10 1605979228 8
BonoboGhost 50 10 1605979228 9
BonoboGhost 50 10 1605979228 10
BonoboGhost 50 10 1605979228 12
BonoboGhost 50 10 1605979228 15
BonoboGhost 50 10 1605979228 20
BonoboGhost 50 10 1605979228 30
BonoboGhost 50 10 1605979228 50
BonoboGhost 50 10 659577592 3
BonoboGhost 50 10 659577592 4
BonoboGhost 50 10 659577592 5
BonoboGhost 50 10 659577592 6
BonoboGhost 50 10 659577592 7
BonoboGhost 50 10 659577592 8
BonoboGhost 50 10 659577592 9
BonoboGhost 50 10 659577592 10
BonoboGhost 50 10 659577592 12
BonoboGhost 50 10 659577592 15
BonoboGhost 50 10 659577592 20
BonoboGhost 50 10 659577592 30
BonoboGhost 50 10 659577592 50
BonoboGhost 50 10 665605495 3
BonoboGhost 50 10 665605495 4
BonoboGhost 50 10 665605495 5
BonoboGhost 50 10 665605495 6
BonoboGhost 50 10 665605495 7
BonoboGhost 50 10 665605495 8
BonoboGhost 50 10 665605495 9
BonoboGhost 50 10 665605495 10
BonoboGhost 50 10 665605495 12
BonoboGhost 50 10 665605495 15
BonoboGhost 50 10 665605495 20
BonoboGhost 50 10 665605495 30
BonoboGhost 50 10 665605495 50
BonoboGhost 50 10 1063926993 3
BonoboGhost 50 10 1063926993 4
BonoboGhost 50 10 1063926993 5
BonoboGhost 50 10 1063926993 6
BonoboGhost 50 10 1063926993 7
BonoboGhost 50 10 1063926993 8
BonoboGhost 50 10 1063926993 9
BonoboGhost 50 10 1063926993 10
BonoboGhost 50 10 1063926993 12
BonoboGhost 50 10 1063926993 15
BonoboGhost 50 10 1063926993 20
BonoboGhost 50 10 1063926993 30
BonoboGhost 50 10 1063926993 50
BonoboGhost 50 10 1685103475 3
BonoboGhost 50 10 1685103475 4
BonoboGhost 50 10 1685103475 5
BonoboGhost 50 10 1685103475 6
BonoboGhost 50 10 1685103475 7
BonoboGhost 50 10 1685103475 8
BonoboGhost 50 10 1685103475 9
BonoboGhost 50 10 1685103475 10
BonoboGhost 50 10 1685103475 12
BonoboGhost 50 10 1685103475 15
BonoboGhost 50 10 1685103475 20
BonoboGhost 50 10 1685103475 30
BonoboGhost 50 10 1685103475 50
BonoboGhost 50 10 1981297354 3
BonoboGhost 50 10 1981297354 4
BonoboGhost 50 10 1981297354 5
BonoboGhost 50 10 1981297354 6
BonoboGhost 50 10 1981297354 7
BonoboGhost 50 10 1981297354 8
BonoboGhost 50 10 1981297354 9
BonoboGhost 50 10 1981297354 10
BonoboGhost 50 10 1981297354 12
BonoboGhost 50 10 1981297354 15
BonoboGhost 50 10 1981297354 20
BonoboGhost 50 10 1981297354 30
BonoboGhost 50 10 1981297354 50
BonoboGhost 50 10 115061004 3
BonoboGhost 50 10 115061004 4
BonoboGhost 50 10 115061004 5
BonoboGhost 50 10 115061004 6
BonoboGhost 50 10 115061004 7
BonoboGhost 50 10 115061004 8
BonoboGhost 50 10 115061004 9
BonoboGhost 50 10 115061004 10
BonoboGhost 50 10 115061004 12
BonoboGhost 50 10 115061004 15
BonoboGhost 50 10 115061004 20
BonoboGhost 50 10 115061004 30
BonoboGhost 50 10 115061004 50
BonoboGhost 50 10 36027470 3
BonoboGhost 50 10 36027470 4
BonoboGhost 50 10 36027470 5
BonoboGhost 50 10 36027470 6
BonoboGhost 50 10 36027470 7
BonoboGhost 50 10 36027470 8
BonoboGhost 50 10 36027470 9
BonoboGhost 50 10 36027470 10
BonoboGhost 50 10 36027470 12
BonoboGhost 50 10 36027470 15
BonoboGhost 50 10 36027470 20
BonoboGhost 50 10 36027470 30
BonoboGhost 50 10 36027470 50
BonoboGhost 50 10 1251993227 3
BonoboGhost 50 10 1251993227 4
BonoboGhost 50 10 1251993227 5
BonoboGhost 50 10 1251993227 6
BonoboGhost 50 10 1251993227 7
BonoboGhost 50 10 1251993227 8
BonoboGhost 50 10 1251993227 9
BonoboGhost 50 10 1251993227 10
BonoboGhost 50 10 1251993227 12
BonoboGhost 50 10 1251993227 15
BonoboGhost 50 10 1251993227 20
BonoboGhost 50 10 1251993227 30
BonoboGhost 50 10 1251993227 50
BonoboGhost 50 10 457175122 3
BonoboGhost 50 10 457175122 4
BonoboGhost 50 10 457175122 5
BonoboGhost 50 10 457175122 6
BonoboGhost 50 10 457175122 7
BonoboGhost 50 10 457175122 8
BonoboGhost 50 10 457175122 9
BonoboGhost 50 10 457175122 10
BonoboGhost 50 10 457175122 12
BonoboGhost 50 10 457175122 15
BonoboGhost 50 10 457175122 20
BonoboGhost 50 10 457175122 30
BonoboGhost 50 10 457175122 50
BonoboGhost 50 10 1712592595 3
BonoboGhost 50 10 1712592595 4
BonoboGhost 50 10 1712592595 5
BonoboGhost 50 10 1712592595 6
BonoboGhost 50 10 1712592595 7
BonoboGhost 50 10 1712592595 8
BonoboGhost 50 10 1712592595 9
BonoboGhost 50 10 1712592595 10
BonoboGhost 50 10 1712592595 12
BonoboGhost 50 10 1712592595 15
BonoboGhost 50 10 1712592595 20
BonoboGhost 50 10 1712592595 30
BonoboGhost 50 10 1712592595 50
BonoboGhost 50 10 1282922663 3
BonoboGhost 50 10 1282922663 4
BonoboGhost 50 10 1282922663 5
BonoboGhost 50 10 1282922663 6
BonoboGhost 50 10 1282922663 7
BonoboGhost 50 10 1282922663 8
BonoboGhost 50 10 1282922663 9
BonoboGhost 50 10 1282922663 10
BonoboGhost 50 10 1282922663 12
BonoboGhost 50 10 1282922663 15
BonoboGhost 50 10 1282922663 20
BonoboGhost 50 10 1282922663 30
BonoboGhost 50 10 1282922663 50
BonoboGhost 50 10 1319794952 3
BonoboGhost 50 10 1319794952 4
BonoboGhost 50 10 1319794952 5
BonoboGhost 50 10 1319794952 6
BonoboGhost 50 10 1319794952 7
BonoboGhost 50 10 1319794952 8
BonoboGhost 50 10 1319794952 9
BonoboGhost 50 10 1319794952 10
BonoboGhost 50 10 1319794952 12
BonoboGhost 50 10 1319794952 15
BonoboGhost 50 10 1319794952 20
BonoboGhost 50 10 1319794952 30
BonoboGhost 50 10 1319794952 50
BonoboGhost 50 10 671780908 3
BonoboGhost 50 10 671780908 4
BonoboGhost 50 10 671780908 5
BonoboGhost 50 10 671780908 6
BonoboGhost 50 10 671780908 7
BonoboGhost 50 10 671780908 8
BonoboGhost 50 10 671780908 9
BonoboGhost 50 10 671780908 10
BonoboGhost 50 10 671780908 12
BonoboGhost 50 10 671780908 15
BonoboGhost 50 10 671780908 20
BonoboGhost 50 10 671780908 30
BonoboGhost 50 10 671780908 50
BonoboGhost 50 10 545865960 3
BonoboGhost 50 10 545865960 4
BonoboGhost 50 10 545865960 5
BonoboGhost 50 10 545865960 6
BonoboGhost 50 10 545865960 7
BonoboGhost 50 10 545865960 8
BonoboGhost 50 10 545865960 9
BonoboGhost 50 10 545865960 10
BonoboGhost 50 10 545865960 12
BonoboGhost 50 10 545865960 15
BonoboGhost 50 10 545865960 20
BonoboGhost 50 10 545865960 30
BonoboGhost 50 10 545865960 50
BonoboGhost 50 10 1330634776 3
BonoboGhost 50 10 1330634776 4
BonoboGhost 50 10 1330634776 5
BonoboGhost 50 10 1330634776 6
BonoboGhost 50 10 1330634776 7
BonoboGhost 50 10 1330634776 8
BonoboGhost 50 10 1330634776 9
BonoboGhost 50 10 1330634776 10
BonoboGhost 50 10 1330634776 12
BonoboGhost 50 10 1330634776 15
BonoboGhost 50 10 1330634776 20
BonoboGhost 50 10 1330634776 30
BonoboGhost 50 10 1330634776 50
BonoboGhost 50 10 1752024094 3
BonoboGhost 50 10 1752024094 4
BonoboGhost 50 10 1752024094 5
BonoboGhost 50 10 1752024094 6
BonoboGhost 50 10 1752024094 7
BonoboGhost 50 10 1752024094 8
BonoboGhost 50 10 1752024094 9
BonoboGhost 50 10 1752024094 10
BonoboGhost 50 10 1752024094 12
BonoboGhost 50 10 1752024094 15
BonoboGhost 50 10 1752024094 20
BonoboGhost 50 10 1752024094 30
BonoboGhost 50 10 1752024094 50
BonoboGhost 50 10 1598483385 3
BonoboGhost 50 10 1598483385 4
BonoboGhost 50 10 1598483385 5
BonoboGhost 50 10 1598483385 6
BonoboGhost 50 10 1598483385 7
BonoboGhost 50 10 1598483385 8
BonoboGhost 50 10 1598483385 9
BonoboGhost 50 10 1598483385 10
BonoboGhost 50 10 1598483385 12
BonoboGhost 50 10 1598483385 15
BonoboGhost 50 10 1598483385 20
BonoboGhost 50 10 1598483385 30
BonoboGhost 50 10 1598483385 50
BonoboGhost 50 10 242224568 3
BonoboGhost 50 10 242224568 4
BonoboGhost 50 10 242224568 5
BonoboGhost 50 10 242224568 6
BonoboGhost 50 10 242224568 7
BonoboGhost 50 10 242224568 8
BonoboGhost 50 10 242224568 9
BonoboGhost 50 10 242224568 10
BonoboGhost 50 10 242224568 12
BonoboGhost 50 10 242224568 15
BonoboGhost 50 10 242224568 20
BonoboGhost 50 10 242224568 30
BonoboGhost 50 10 242224568 50
BonoboGhost 50 10 1995646240 3
BonoboGhost 50 10 1995646240 4
BonoboGhost 50 10 1995646240 5
BonoboGhost 50 10 1995646240 6
BonoboGhost 50 10 1995646240 7
BonoboGhost 50 10 1995646240 8
BonoboGhost 50 10 1995646240 9
BonoboGhost 50 10 1995646240 10
BonoboGhost 50 10 1995646240 12
BonoboGhost 50 10 1995646240 15
BonoboGhost 50 10 1995646240 20
BonoboGhost 50 10 1995646240 30
BonoboGhost 50 10 1995646240 50
BonoboGhost 50 10 1459942078 3
BonoboGhost 50 10 1459942078 4
BonoboGhost 50 10 1459942078 5
BonoboGhost 50 10 1459942078 6
BonoboGhost 50 10 1459942078 7
BonoboGhost 50 10 1459942078 8
BonoboGhost 50 10 1459942078 9
BonoboGhost 50 10 1459942078 10
BonoboGhost 50 10 1459942078 12
BonoboGhost 50 10 1459942078 15
BonoboGhost 50 10 1459942078 20
BonoboGhost 50 10 1459942078 30
BonoboGhost 50 10 1459942078 50
BonoboGhost 50 10 960721250 3
BonoboGhost 50 10 960721250 4
BonoboGhost 50 10 960721250 5
BonoboGhost 50 10 960721250 6
BonoboGhost 50 10 960721250 7
BonoboGhost 50 10 960721250 8
BonoboGhost 50 10 960721250 9
BonoboGhost 50 10 960721250 10
BonoboGhost 50 10 960721250 12
BonoboGhost 50 10 960721250 15
BonoboGhost 50 10 960721250 20
BonoboGhost 50 10 960721250 30
BonoboGhost 50 10 960721250 50
BonoboGhost 50 10 216844124 3
BonoboGhost 50 10 216844124 4
BonoboGhost 50 10 216844124 5
BonoboGhost 50 10 216844124 6
BonoboGhost 50 10 216844124 7
BonoboGhost 50 10 216844124 8
BonoboGhost 50 10 216844124 9
BonoboGhost 50 10 216844124 10
BonoboGhost 50 10 216844124 12
BonoboGhost 50 10 216844124 15
BonoboGhost 50 10 216844124 20
BonoboGhost 50 10 216844124 30
BonoboGhost 50 10 216844124 50
BonoboGhost 50 10 611926872 3
BonoboGhost 50 10 611926872 4
BonoboGhost 50 10 611926872 5
BonoboGhost 50 10 611926872 6
BonoboGhost 50 10 611926872 7
BonoboGhost 50 10 611926872 8
BonoboGhost 50 10 611926872 9
BonoboGhost 50 10 611926872 10
BonoboGhost 50 10 611926872 12
BonoboGhost 50 10 611926872 15
BonoboGhost 50 10 611926872 20
BonoboGhost 50 10 611926872 30
BonoboGhost 50 10 611926872 50
BonoboGhost 50 10 1315268645 3
BonoboGhost 50 10 1315268645 4
BonoboGhost 50 10 1315268645 5
BonoboGhost 50 10 1315268645 6
BonoboGhost 50 10 1315268645 7
BonoboGhost 50 10 1315268645 8
BonoboGhost 50 10 1315268645 9
BonoboGhost 50 10 1315268645 10
BonoboGhost 50 10 1315268645 12
BonoboGhost 50 10 1315268645 15
BonoboGhost 50 10 1315268645 20
BonoboGhost 50 10 1315268645 30
BonoboGhost 50 10 1315268645 50
BonoboGhost 50 10 933956161 3
BonoboGhost 50 10 933956161 4
BonoboGhost 50 10 933956161 5
BonoboGhost 50 10 933956161 6
BonoboGhost 50 10 933956161 7
BonoboGhost 50 10 933956161 8
BonoboGhost 50 10 933956161 9
BonoboGhost 50 10 933956161 10
BonoboGhost 50 10 933956161 12
BonoboGhost 50 10 933956161 15
BonoboGhost 50 10 933956161 20
BonoboGhost 50 10 933956161 30
BonoboGhost 50 10 933956161 50
BonoboGhost 50 10 1850339312 3
BonoboGhost 50 10 1850339312 4
BonoboGhost 50 10 1850339312 5
BonoboGhost 50 10 1850339312 6
BonoboGhost 50 10 1850339312 7
BonoboGhost 50 10 1850339312 8
BonoboGhost 50 10 1850339312 9
BonoboGhost 50 10 1850339312 10
BonoboGhost 50 10 1850339312 12
BonoboGhost 50 10 1850339312 15
BonoboGhost 50 10 1850339312 20
BonoboGhost 50 10 1850339312 30
BonoboGhost 50 10 1850339312 50
BonoboGhost 50 10 2008322436 3
BonoboGhost 50 10 2008322436 4
BonoboGhost 50 10 2008322436 5
BonoboGhost 50 10 2008322436 6
BonoboGhost 50 10 2008322436 7
BonoboGhost 50 10 2008322436 8
BonoboGhost 50 10 2008322436 9
BonoboGhost 50 10 2008322436 10
BonoboGhost 50 10 2008322436 12
BonoboGhost 50 10 2008322436 15
BonoboGhost 50 10 2008322436 20
BonoboGhost 50 10 2008322436 30
BonoboGhost 50 10 2008322436 50
BonoboGhost 50 10 1563495165 3
BonoboGhost 50 10 1563495165 4
BonoboGhost 50 10 1563495165 5
BonoboGhost 50 10 1563495165 6
BonoboGhost 50 10 1563495165 7
BonoboGhost 50 10 1563495165 8
BonoboGhost 50 10 1563495165 9
BonoboGhost 50 10 1563495165 10
BonoboGhost 50 10 1563495165 12
BonoboGhost 50 10 1563495165 15
BonoboGhost 50 10 1563495165 20
BonoboGhost 50 10 1563495165 30
BonoboGhost 50 10 1563495165 50
BonoboGhost 50 10 1398375549 3
BonoboGhost 50 10 1398375549 4
BonoboGhost 50 10 1398375549 5
BonoboGhost 50 10 1398375549 6
BonoboGhost 50 10 1398375549 7
BonoboGhost 50 10 1398375549 8
BonoboGhost 50 10 1398375549 9
BonoboGhost 50 10 1398375549 10
BonoboGhost 50 10 1398375549 12
BonoboGhost 50 10 1398375549 15
BonoboGhost 50 10 1398375549 20
BonoboGhost 50 10 1398375549 30
BonoboGhost 50 10 1398375549 50
BonoboGhost 50 10 820115078 3
BonoboGhost 50 10 820115078 4
BonoboGhost 50 10 820115078 5
BonoboGhost 50 10 820115078 6
BonoboGhost 50 10 820115078 7
BonoboGhost 50 10 820115078 8
BonoboGhost 50 10 820115078 9
BonoboGhost 50 10 820115078 10
BonoboGhost 50 10 820115078 12
BonoboGhost 50 10 820115078 15
BonoboGhost 50 10 820115078 20
BonoboGhost 50 10 820115078 30
BonoboGhost 50 10 820115078 50
BonoboGhost 50 10 1888259216 3
BonoboGhost 50 10 1888259216 4
BonoboGhost 50 10 1888259216 5
BonoboGhost 50 10 1888259216 6
BonoboGhost 50 10 1888259216 7
BonoboGhost 50 10 1888259216 8
BonoboGhost 50 10 1888259216 9
BonoboGhost 50 10 1888259216 10
BonoboGhost 50 10 1888259216 12
BonoboGhost 50 10 1888259216 15
BonoboGhost 50 10 1888259216 20
BonoboGhost 50 10 1888259216 30
BonoboGhost 50 10 1888259216 50
BonoboGhost 50 10 555401848 3
BonoboGhost 50 10 555401848 4
BonoboGhost 50 10 555401848 5
BonoboGhost 50 10 555401848 6
BonoboGhost 50 10 555401848 7
BonoboGhost 50 10 555401848 8
BonoboGhost 50 10 555401848 9
BonoboGhost 50 10 555401848 10
BonoboGhost 50 10 555401848 12
BonoboGhost 50 10 555401848 15
BonoboGhost 50 10 555401848 20
BonoboGhost 50 10 555401848 30
BonoboGhost 50 10 555401848 50
BonoboGhost 50 10 986507084 3
BonoboGhost 50 10 986507084 4
BonoboGhost 50 10 986507084 5
BonoboGhost 50 10 986507084 6
BonoboGhost 50 10 986507084 7
BonoboGhost 50 10 986507084 8
BonoboGhost 50 10 986507084 9
BonoboGhost 50 10 986507084 10
BonoboGhost 50 10 986507084 12
BonoboGhost 50 10 986507084 15
BonoboGhost 50 10 986507084 20
BonoboGhost 50 10 986507084 30
BonoboGhost 50 10 986507084 50
BonoboGhost 50 10 1428877199 3
BonoboGhost 50 10 1428877199 4
BonoboGhost 50 10 1428877199 5
BonoboGhost 50 10 1428877199 6
BonoboGhost 50 10 1428877199 7
BonoboGhost 50 10 1428877199 8
BonoboGhost 50 10 1428877199 9
BonoboGhost 50 10 1428877199 10
BonoboGhost 50 10 1428877199 12
BonoboGhost 50 10 1428877199 15
BonoboGhost 50 10 1428877199 20
BonoboGhost 50 10 1428877199 30
BonoboGhost 50 10 1428877199 50
BonoboGhost 50 10 2121776500 3
BonoboGhost 50 10 2121776500 4
BonoboGhost 50 10 2121776500 5
BonoboGhost 50 10 2121776500 6
BonoboGhost 50 10 2121776500 7
BonoboGhost 50 10 2121776500 8
BonoboGhost 50 10 2121776500 9
BonoboGhost 50 10 2121776500 10
BonoboGhost 50 10 2121776500 12
BonoboGhost 50 10 2121776500 15
BonoboGhost 50 10 2121776500 20
BonoboGhost 50 10 2121776500 30
BonoboGhost 50 10 2121776500 50
BonoboGhost 50 10 1367318866 3
BonoboGhost 50 10 1367318866 4
BonoboGhost 50 10 1367318866 5
BonoboGhost 50 10 1367318866 6
BonoboGhost 50 10 1367318866 7
BonoboGhost 50 10 1367318866 8
BonoboGhost 50 10 1367318866 9
BonoboGhost 50 10 1367318866 10
BonoboGhost 50 10 1367318866 12
BonoboGhost 50 10 1367318866 15
BonoboGhost 50 10 1367318866 20
BonoboGhost 50 10 1367318866 30
BonoboGhost 50 10 1367318866 50
BonoboGhost 50 10 759666796 3
BonoboGhost 50 10 759666796 4
BonoboGhost 50 10 759666796 5
BonoboGhost 50 10 759666796 6
BonoboGhost 50 10 759666796 7
BonoboGhost 50 10 759666796 8
BonoboGhost 50 10 759666796 9
BonoboGhost 50 10 759666796 10
BonoboGhost 50 10 759666796 12
BonoboGhost 50 10 759666796 15
BonoboGhost 50 10 759666796 20
BonoboGhost 50 10 759666796 30
BonoboGhost 50 10 759666796 50
BonoboGhost 50 10 1018775942 3
BonoboGhost 50 10 1018775942 4
BonoboGhost 50 10 1018775942 5
BonoboGhost 50 10 1018775942 6
BonoboGhost 50 10 1018775942 7
BonoboGhost 50 10 1018775942 8
BonoboGhost 50 10 1018775942 9
BonoboGhost 50 10 1018775942 10
BonoboGhost 50 10 1018775942 12
BonoboGhost 50 10 1018775942 15
BonoboGhost 50 10 1018775942 20
BonoboGhost 50 10 1018775942 30
BonoboGhost 50 10 1018775942 50
BonoboGhost 50 10 1249073187 3
BonoboGhost 50 10 1249073187 4
BonoboGhost 50 10 1249073187 5
BonoboGhost 50 10 1249073187 6
BonoboGhost 50 10 1249073187 7
BonoboGhost 50 10 1249073187 8
BonoboGhost 50 10 1249073187 9
BonoboGhost 50 10 1249073187 10
BonoboGhost 50 10 1249073187 12
BonoboGhost 50 10 1249073187 15
BonoboGhost 50 10 1249073187 20
BonoboGhost 50 10 1249073187 30
BonoboGhost 50 10 1249073187 50
BonoboGhost 50 10 415622454 3
BonoboGhost 50 10 415622454 4
BonoboGhost 50 10 415622454 5
BonoboGhost 50 10 415622454 6
BonoboGhost 50 10 415622454 7
BonoboGhost 50 10 415622454 8
BonoboGhost 50 10 415622454 9
BonoboGhost 50 10 415622454 10
BonoboGhost 50 10 415622454 12
BonoboGhost 50 10 415622454 15
BonoboGhost 50 10 415622454 20
BonoboGhost 50 10 415622454 30
BonoboGhost 50 10 415622454 50
BonoboGhost 50 10 734071156 3
BonoboGhost 50 10 734071156 4
BonoboGhost 50 10 734071156 5
BonoboGhost 50 10 734071156 6
BonoboGhost 50 10 734071156 7
BonoboGhost 50 10 734071156 8
BonoboGhost 50 10 734071156 9
BonoboGhost 50 10 734071156 10
BonoboGhost 50 10 734071156 12
BonoboGhost 50 10 734071156 15
BonoboGhost 50 10 734071156 20
BonoboGhost 50 10 734071156 30
BonoboGhost 50 10 734071156 50
BonoboGhost 50 10 1562109001 3
BonoboGhost 50 10 1562109001 4
BonoboGhost 50 10 1562109001 5
BonoboGhost 50 10 1562109001 6
BonoboGhost 50 10 1562109001 7
BonoboGhost 50 10 1562109001 8
BonoboGhost 50 10 1562109001 9
BonoboGhost 50 10 1562109001 10
BonoboGhost 50 10 1562109001 12
BonoboGhost 50 10 1562109001 15
BonoboGhost 50 10 1562109001 20
BonoboGhost 50 10 1562109001 30
BonoboGhost 50 10 1562109001 50
BonoboGhost 50 10 115316742 3
BonoboGhost 50 10 115316742 4
BonoboGhost 50 10 115316742 5
BonoboGhost 50 10 115316742 6
BonoboGhost 50 10 115316742 7
BonoboGhost 50 10 115316742 8
BonoboGhost 50 10 115316742 9
BonoboGhost 50 10 115316742 10
BonoboGhost 50 10 115316742 12
BonoboGhost 50 10 115316742 15
BonoboGhost 50 10 115316742 20
BonoboGhost 50 10 115316742 30
BonoboGhost 50 10 115316742 50
BonoboGhost 50 10 1266888931 3
BonoboGhost 50 10 1266888931 4
BonoboGhost 50 10 1266888931 5
BonoboGhost 50 10 1266888931 6
BonoboGhost 50 10 1266888931 7
BonoboGhost 50 10 1266888931 8
BonoboGhost 50 10 1266888931 9
BonoboGhost 50 10 1266888931 10
BonoboGhost 50 10 1266888931 12
BonoboGhost 50 10 1266888931 15
BonoboGhost 50 10 1266888931 20
BonoboGhost 50 10 1266888931 30
BonoboGhost 50 10 1266888931 50
BonoboGhost 50 10 1290080365 3
BonoboGhost 50 10 1290080365 4
BonoboGhost 50 10 1290080365 5
BonoboGhost 50 10 1290080365 6
BonoboGhost 50 10 1290080365 7
BonoboGhost 50 10 1290080365 8
BonoboGhost 50 10 1290080365 9
BonoboGhost 50 10 1290080365 10
BonoboGhost 50 10 1290080365 12
BonoboGhost 50 10 1290080365 15
BonoboGhost 50 10 1290080365 20
BonoboGhost 50 10 1290080365 30
BonoboGhost 50 10 1290080365 50
BonoboGhost 50 10 852470022 3
BonoboGhost 50 10 852470022 4
BonoboGhost 50 10 852470022 5
BonoboGhost 50 10 852470022 6
BonoboGhost 50 10 852470022 7
BonoboGhost 50 10 852470022 8
BonoboGhost 50 10 852470022 9
BonoboGhost 50 10 852470022 10
BonoboGhost 50 10 852470022 12
BonoboGhost 50 10 852470022 15
BonoboGhost 50 10 852470022 20
BonoboGhost 50 10 852470022 30
BonoboGhost 50 10 852470022 50
BonoboGhost 50 10 1733975100 3
BonoboGhost 50 10 1733975100 4
BonoboGhost 50 10 1733975100 5
BonoboGhost 50 10 1733975100 6
BonoboGhost 50 10 1733975100 7
BonoboGhost 50 10 1733975100 8
BonoboGhost 50 10 1733975100 9
BonoboGhost 50 10 1733975100 10
BonoboGhost 50 10 1733975100 12
BonoboGhost 50 10 1733975100 15
BonoboGhost 50 10 1733975100 20
BonoboGhost 50 10 1733975100 30
BonoboGhost 50 10 1733975100 50
BonoboGhost 50 10 1382459476 3
BonoboGhost 50 10 1382459476 4
BonoboGhost 50 10 1382459476 5
BonoboGhost 50 10 1382459476 6
BonoboGhost 50 10 1382459476 7
BonoboGhost 50 10 1382459476 8
BonoboGhost 50 10 1382459476 9
BonoboGhost 50 10 1382459476 10
BonoboGhost 50 10 1382459476 12
BonoboGhost 50 10 1382459476 15
BonoboGhost 50 10 1382459476 20
BonoboGhost 50 10 1382459476 30
BonoboGhost 50 10 1382459476 50
BonoboGhost 50 10 105983501 3
BonoboGhost 50 10 105983501 4
BonoboGhost 50 10 105983501 5
BonoboGhost 50 10 105983501 6
BonoboGhost 50 10 105983501 7
BonoboGhost 50 10 105983501 8
BonoboGhost 50 10 105983501 9
BonoboGhost 50 10 105983501 10
BonoboGhost 50 10 105983501 12
BonoboGhost 50 10 105983501 15
BonoboGhost 50 10 105983501 20
BonoboGhost 50 10 105983501 30
BonoboGhost 50 10 105983501 50
BonoboGhost 50 10 1715692943 3
BonoboGhost 50 10 1715692943 4
BonoboGhost 50 10 1715692943 5
BonoboGhost 50 10 1715692943 6
BonoboGhost 50 10 1715692943 7
BonoboGhost 50 10 1715692943 8
BonoboGhost 50 10 1715692943 9
BonoboGhost 50 10 1715692943 10
BonoboGhost 50 10 1715692943 12
BonoboGhost 50 10 1715692943 15
BonoboGhost 50 10 1715692943 20
BonoboGhost 50 10 1715692943 30
BonoboGhost 50 10 1715692943 50
BonoboGhost 50 10 2112038652 3
BonoboGhost 50 10 2112038652 4
BonoboGhost 50 10 2112038652 5
BonoboGhost 50 10 2112038652 6
BonoboGhost 50 10 2112038652 7
BonoboGhost 50 10 2112038652 8
BonoboGhost 50 10 2112038652 9
BonoboGhost 50 10 2112038652 10
BonoboGhost 50 10 2112038652 12
BonoboGhost 50 10 2112038652 15
BonoboGhost 50 10 2112038652 20
BonoboGhost 50 10 2112038652 30
BonoboGhost 50 10 2112038652 50
BonoboGhost 50 10 1425496657 3
BonoboGhost 50 10 1425496657 4
BonoboGhost 50 10 1425496657 5
BonoboGhost 50 10 1425496657 6
BonoboGhost 50 10 1425496657 7
BonoboGhost 50 10 1425496657 8
BonoboGhost 50 10 1425496657 9
BonoboGhost 50 10 1425496657 10
BonoboGhost 50 10 1425496657 12
BonoboGhost 50 10 1425496657 15
BonoboGhost 50 10 1425496657 20
BonoboGhost 50 10 1425496657 30
BonoboGhost 50 10 1425496657 50
BonoboGhost 50 10 112765084 3
BonoboGhost 50 10 112765084 4
BonoboGhost 50 10 112765084 5
BonoboGhost 50 10 112765084 6
BonoboGhost 50 10 112765084 7
BonoboGhost 50 10 112765084 8
BonoboGhost 50 10 112765084 9
BonoboGhost 50 10 112765084 10
BonoboGhost 50 10 112765084 12
BonoboGhost 50 10 112765084 15
BonoboGhost 50 10 112765084 20
BonoboGhost 50 10 112765084 30
BonoboGhost 50 10 112765084 50
BonoboGhost 50 10 1760754983 3
BonoboGhost 50 10 1760754983 4
BonoboGhost 50 10 1760754983 5
BonoboGhost 50 10 1760754983 6
BonoboGhost 50 10 1760754983 7
BonoboGhost 50 10 1760754983 8
BonoboGhost 50 10 1760754983 9
BonoboGhost 50 10 1760754983 10
BonoboGhost 50 10 1760754983 12
BonoboGhost 50 10 1760754983 15
BonoboGhost 50 10 1760754983 20
BonoboGhost 50 10 1760754983 30
BonoboGhost 50 10 1760754983 50
BonoboGhost 50 10 413888857 3
BonoboGhost 50 10 413888857 4
BonoboGhost 50 10 413888857 5
BonoboGhost 50 10 413888857 6
BonoboGhost 50 10 413888857 7
BonoboGhost 50 10 413888857 8
BonoboGhost 50 10 413888857 9
BonoboGhost 50 10 413888857 10
BonoboGhost 50 10 413888857 12
BonoboGhost 50 10 413888857 15
BonoboGhost 50 10 413888857 20
BonoboGhost 50 10 413888857 30
BonoboGhost 50 10 413888857 50
BonoboGhost 50 10 2039738337 3
BonoboGhost 50 10 2039738337 4
BonoboGhost 50 10 2039738337 5
BonoboGhost 50 10 2039738337 6
BonoboGhost 50 10 2039738337 7
BonoboGhost 50 10 2039738337 8
BonoboGhost 50 10 2039738337 9
BonoboGhost 50 10 2039738337 10
BonoboGhost 50 10 2039738337 12
BonoboGhost 50 10 2039738337 15
BonoboGhost 50 10 2039738337 20
BonoboGhost 50 10 2039738337 30
BonoboGhost 50 10 2039738337 50
BonoboGhost 50 10 223155948 3
BonoboGhost 50 10 223155948 4
BonoboGhost 50 10 223155948 5
BonoboGhost 50 10 223155948 6
BonoboGhost 50 10 223155948 7
BonoboGhost 50 10 223155948 8
BonoboGhost 50 10 223155948 9
BonoboGhost 50 10 223155948 10
BonoboGhost 50 10 223155948 12
BonoboGhost 50 10 223155948 15
BonoboGhost 50 10 223155948 20
BonoboGhost 50 10 223155948 30
BonoboGhost 50 10 223155948 50
BonoboGhost 50 10 670528518 3
BonoboGhost 50 10 670528518 4
BonoboGhost 50 10 670528518 5
BonoboGhost 50 10 670528518 6
BonoboGhost 50 10 670528518 7
BonoboGhost 50 10 670528518 8
BonoboGhost 50 10 670528518 9
BonoboGhost 50 10 670528518 10
BonoboGhost 50 10 670528518 12
BonoboGhost 50 10 670528518 15
BonoboGhost 50 10 670528518 20
BonoboGhost 50 10 670528518 30
BonoboGhost 50 10 670528518 50
BonoboGhost 50 10 1696896587 3
BonoboGhost 50 10 1696896587 4
BonoboGhost 50 10 1696896587 5
BonoboGhost 50 10 1696896587 6
BonoboGhost 50 10 1696896587 7
BonoboGhost 50 10 1696896587 8
BonoboGhost 50 10 1696896587 9
BonoboGhost 50 10 1696896587 10
BonoboGhost 50 10 1696896587 12
BonoboGhost 50 10 1696896587 15
BonoboGhost 50 10 1696896587 20
BonoboGhost 50 10 1696896587 30
BonoboGhost 50 10 1696896587 50
BonoboGhost 50 10 1339984973 3
BonoboGhost 50 10 1339984973 4
BonoboGhost 50 10 1339984973 5
BonoboGhost 50 10 1339984973 6
BonoboGhost 50 10 1339984973 7
BonoboGhost 50 10 1339984973 8
BonoboGhost 50 10 1339984973 9
BonoboGhost 50 10 1339984973 10
BonoboGhost 50 10 1339984973 12
BonoboGhost 50 10 1339984973 15
BonoboGhost 50 10 1339984973 20
BonoboGhost 50 10 1339984973 30
BonoboGhost 50 10 1339984973 50
BonoboGhost 50 10 980395799 3
BonoboGhost 50 10 980395799 4
BonoboGhost 50 10 980395799 5
BonoboGhost 50 10 980395799 6
BonoboGhost 50 10 980395799 7
BonoboGhost 50 10 980395799 8
BonoboGhost 50 10 980395799 9
BonoboGhost 50 10 980395799 10
BonoboGhost 50 10 980395799 12
BonoboGhost 50 10 980395799 15
BonoboGhost 50 10 980395799 20
BonoboGhost 50 10 980395799 30
BonoboGhost 50 10 980395799 50
BonoboGhost 50 10 441282061 3
BonoboGhost 50 10 441282061 4
BonoboGhost 50 10 441282061 5
BonoboGhost 50 10 441282061 6
BonoboGhost 50 10 441282061 7
BonoboGhost 50 10 441282061 8
BonoboGhost 50 10 441282061 9
BonoboGhost 50 10 441282061 10
BonoboGhost 50 10 441282061 12
BonoboGhost 50 10 441282061 15
BonoboGhost 50 10 441282061 20
BonoboGhost 50 10 441282061 30
BonoboGhost 50 10 441282061 50
BonoboGhost 50 10 1367302905 3
BonoboGhost 50 10 1367302905 4
BonoboGhost 50 10 1367302905 5
BonoboGhost 50 10 1367302905 6
BonoboGhost 50 10 1367302905 7
BonoboGhost 50 10 1367302905 8
BonoboGhost 50 10 1367302905 9
BonoboGhost 50 10 1367302905 10
BonoboGhost 50 10 1367302905 12
BonoboGhost 50 10 1367302905 15
BonoboGhost 50 10 1367302905 20
BonoboGhost 50 10 1367302905 30
BonoboGhost 50 10 1367302905 50
BonoboGhost 50 10 1020176959 3
BonoboGhost 50 10 1020176959 4
BonoboGhost 50 10 1020176959 5
BonoboGhost 50 10 1020176959 6
BonoboGhost 50 10 1020176959 7
BonoboGhost 50 10 1020176959 8
BonoboGhost 50 10 1020176959 9
BonoboGhost 50 10 1020176959 10
BonoboGhost 50 10 1020176959 12
BonoboGhost 50 10 1020176959 15
BonoboGhost 50 10 1020176959 20
BonoboGhost 50 10 1020176959 30
BonoboGhost 50 10 1020176959 50
BonoboGhost 50 10 956714 3
BonoboGhost 50 10 956714 4
BonoboGhost 50 10 956714 5
BonoboGhost 50 10 956714 6
BonoboGhost 50 10 956714 7
BonoboGhost 50 10 956714 8
BonoboGhost 50 10 956714 9
BonoboGhost 50 10 956714 10
BonoboGhost 50 10 956714 12
BonoboGhost 50 10 956714 15
BonoboGhost 50 10 956714 20
BonoboGhost 50 10 956714 30
BonoboGhost 50 10 956714 50
BonoboGhost 50 10 1629275283 3
BonoboGhost 50 10 1629275283 4
BonoboGhost 50 10 1629275283 5
BonoboGhost 50 10 1629275283 6
BonoboGhost 50 10 1629275283 7
BonoboGhost 50 10 1629275283 8
BonoboGhost 50 10 1629275283 9
BonoboGhost 50 10 1629275283 10
BonoboGhost 50 10 1629275283 12
BonoboGhost 50 10 1629275283 15
BonoboGhost 50 10 1629275283 20
BonoboGhost 50 10 1629275283 30
BonoboGhost 50 10 1629275283 50
BonoboGhost 50 10 1332253363 3
BonoboGhost 50 10 1332253363 4
BonoboGhost 50 10 1332253363 5
BonoboGhost 50 10 1332253363 6
BonoboGhost 50 10 1332253363 7
BonoboGhost 50 10 1332253363 8
BonoboGhost 50 10 1332253363 9
BonoboGhost 50 10 1332253363 10
