BonoboGhost 10 10 671780908 20
BonoboGhost 10 10 671780908 30
BonoboGhost 10 10 671780908 50
BonoboGhost 10 10 545865960 3
BonoboGhost 10 10 545865960 4
BonoboGhost 10 10 545865960 5
BonoboGhost 10 10 545865960 6
BonoboGhost 10 10 545865960 7
BonoboGhost 10 10 545865960 8
BonoboGhost 10 10 545865960 9
BonoboGhost 10 10 545865960 10
BonoboGhost 10 10 545865960 12
BonoboGhost 10 10 545865960 15
BonoboGhost 10 10 545865960 20
BonoboGhost 10 10 545865960 30
BonoboGhost 10 10 545865960 50
BonoboGhost 10 10 1330634776 3
BonoboGhost 10 10 1330634776 4
BonoboGhost 10 10 1330634776 5
BonoboGhost 10 10 1330634776 6
BonoboGhost 10 10 1330634776 7
BonoboGhost 10 10 1330634776 8
BonoboGhost 10 10 1330634776 9
BonoboGhost 10 10 1330634776 10
BonoboGhost 10 10 1330634776 12
BonoboGhost 10 10 1330634776 15
BonoboGhost 10 10 1330634776 20
BonoboGhost 10 10 1330634776 30
BonoboGhost 10 10 1330634776 50
BonoboGhost 10 10 1752024094 3
BonoboGhost 10 10 1752024094 4
BonoboGhost 10 10 1752024094 5
BonoboGhost 10 10 1752024094 6
BonoboGhost 10 10 1752024094 7
BonoboGhost 10 10 1752024094 8
BonoboGhost 10 10 1752024094 9
BonoboGhost 10 10 1752024094 10
BonoboGhost 10 10 1752024094 12
BonoboGhost 10 10 1752024094 15
BonoboGhost 10 10 1752024094 20
BonoboGhost 10 10 1752024094 30
BonoboGhost 10 10 1752024094 50
BonoboGhost 10 10 1598483385 3
BonoboGhost 10 10 1598483385 4
BonoboGhost 10 10 1598483385 5
BonoboGhost 10 10 1598483385 6
BonoboGhost 10 10 1598483385 7
BonoboGhost 10 10 1598483385 8
BonoboGhost 10 10 1598483385 9
BonoboGhost 10 10 1598483385 10
BonoboGhost 10 10 1598483385 12
BonoboGhost 10 10 1598483385 15
BonoboGhost 10 10 1598483385 20
BonoboGhost 10 10 1598483385 30
BonoboGhost 10 10 1598483385 50
BonoboGhost 10 10 242224568 3
BonoboGhost 10 10 242224568 4
BonoboGhost 10 10 242224568 5
BonoboGhost 10 10 242224568 6
BonoboGhost 10 10 242224568 7
BonoboGhost 10 10 242224568 8
BonoboGhost 10 10 242224568 9
BonoboGhost 10 10 242224568 10
BonoboGhost 10 10 242224568 12
BonoboGhost 10 10 242224568 15
BonoboGhost 10 10 242224568 20
BonoboGhost 10 10 242224568 30
BonoboGhost 10 10 242224568 50
BonoboGhost 10 10 1995646240 3
BonoboGhost 10 10 1995646240 4
BonoboGhost 10 10 1995646240 5
BonoboGhost 10 10 1995646240 6
BonoboGhost 10 10 1995646240 7
BonoboGhost 10 10 1995646240 8
BonoboGhost 10 10 1995646240 9
BonoboGhost 10 10 1995646240 10
BonoboGhost 10 10 1995646240 12
BonoboGhost 10 10 1995646240 15
BonoboGhost 10 10 1995646240 20
BonoboGhost 10 10 1995646240 30
BonoboGhost 10 10 1995646240 50
BonoboGhost 10 10 1459942078 3
BonoboGhost 10 10 1459942078 4
BonoboGhost 10 10 1459942078 5
BonoboGhost 10 10 1459942078 6
BonoboGhost 10 10 1459942078 7
BonoboGhost 10 10 1459942078 8
BonoboGhost 10 10 1459942078 9
BonoboGhost 10 10 1459942078 10
BonoboGhost 10 10 1459942078 12
BonoboGhost 10 10 1459942078 15
BonoboGhost 10 10 1459942078 20
BonoboGhost 10 10 1459942078 30
BonoboGhost 10 10 1459942078 50
BonoboGhost 10 10 960721250 3
BonoboGhost 10 10 960721250 4
BonoboGhost 10 10 960721250 5
BonoboGhost 10 10 960721250 6
BonoboGhost 10 10 960721250 7
BonoboGhost 10 10 960721250 8
BonoboGhost 10 10 960721250 9
BonoboGhost 10 10 960721250 10
BonoboGhost 10 10 960721250 12
BonoboGhost 10 10 960721250 15
BonoboGhost 10 10 960721250 20
BonoboGhost 10 10 960721250 30
BonoboGhost 10 10 960721250 50
BonoboGhost 10 10 216844124 3
BonoboGhost 10 10 216844124 4
BonoboGhost 10 10 216844124 5
BonoboGhost 10 10 216844124 6
BonoboGhost 10 10 216844124 7
BonoboGhost 10 10 216844124 8
BonoboGhost 10 10 216844124 9
BonoboGhost 10 10 216844124 10
BonoboGhost 10 10 216844124 12
BonoboGhost 10 10 216844124 15
BonoboGhost 10 10 216844124 20
BonoboGhost 10 10 216844124 30
BonoboGhost 10 10 216844124 50
BonoboGhost 10 10 611926872 3
BonoboGhost 10 10 611926872 4
BonoboGhost 10 10 611926872 5
BonoboGhost 10 10 611926872 6
BonoboGhost 10 10 611926872 7
BonoboGhost 10 10 611926872 8
BonoboGhost 10 10 611926872 9
BonoboGhost 10 10 611926872 10
BonoboGhost 10 10 611926872 12
BonoboGhost 10 10 611926872 15
BonoboGhost 10 10 611926872 20
BonoboGhost 10 10 611926872 30
BonoboGhost 10 10 611926872 50
BonoboGhost 10 10 1315268645 3
BonoboGhost 10 10 1315268645 4
BonoboGhost 10 10 1315268645 5
BonoboGhost 10 10 1315268645 6
BonoboGhost 10 10 1315268645 7
BonoboGhost 10 10 1315268645 8
BonoboGhost 10 10 1315268645 9
BonoboGhost 10 10 1315268645 10
BonoboGhost 10 10 1315268645 12
BonoboGhost 10 10 1315268645 15
BonoboGhost 10 10 1315268645 20
BonoboGhost 10 10 1315268645 30
BonoboGhost 10 10 1315268645 50
BonoboGhost 10 10 933956161 3
BonoboGhost 10 10 933956161 4
BonoboGhost 10 10 933956161 5
BonoboGhost 10 10 933956161 6
BonoboGhost 10 10 933956161 7
BonoboGhost 10 10 933956161 8
BonoboGhost 10 10 933956161 9
BonoboGhost 10 10 933956161 10
BonoboGhost 10 10 933956161 12
BonoboGhost 10 10 933956161 15
BonoboGhost 10 10 933956161 20
BonoboGhost 10 10 933956161 30
BonoboGhost 10 10 933956161 50
BonoboGhost 10 10 1850339312 3
BonoboGhost 10 10 1850339312 4
BonoboGhost 10 10 1850339312 5
BonoboGhost 10 10 1850339312 6
BonoboGhost 10 10 1850339312 7
BonoboGhost 10 10 1850339312 8
BonoboGhost 10 10 1850339312 9
BonoboGhost 10 10 1850339312 10
BonoboGhost 10 10 1850339312 12
BonoboGhost 10 10 1850339312 15
BonoboGhost 10 10 1850339312 20
BonoboGhost 10 10 1850339312 30
BonoboGhost 10 10 1850339312 50
BonoboGhost 10 10 2008322436 3
BonoboGhost 10 10 2008322436 4
BonoboGhost 10 10 2008322436 5
BonoboGhost 10 10 2008322436 6
BonoboGhost 10 10 2008322436 7
BonoboGhost 10 10 2008322436 8
BonoboGhost 10 10 2008322436 9
BonoboGhost 10 10 2008322436 10
BonoboGhost 10 10 2008322436 12
BonoboGhost 10 10 2008322436 15
BonoboGhost 10 10 2008322436 20
BonoboGhost 10 10 2008322436 30
BonoboGhost 10 10 2008322436 50
BonoboGhost 10 10 1563495165 3
BonoboGhost 10 10 1563495165 4
BonoboGhost 10 10 1563495165 5
BonoboGhost 10 10 1563495165 6
BonoboGhost 10 10 1563495165 7
BonoboGhost 10 10 1563495165 8
BonoboGhost 10 10 1563495165 9
BonoboGhost 10 10 1563495165 10
BonoboGhost 10 10 1563495165 12
BonoboGhost 10 10 1563495165 15
BonoboGhost 10 10 1563495165 20
BonoboGhost 10 10 1563495165 30
BonoboGhost 10 10 1563495165 50
BonoboGhost 10 10 1398375549 3
BonoboGhost 10 10 1398375549 4
BonoboGhost 10 10 1398375549 5
BonoboGhost 10 10 1398375549 6
BonoboGhost 10 10 1398375549 7
BonoboGhost 10 10 1398375549 8
BonoboGhost 10 10 1398375549 9
BonoboGhost 10 10 1398375549 10
BonoboGhost 10 10 1398375549 12
BonoboGhost 10 10 1398375549 15
BonoboGhost 10 10 1398375549 20
BonoboGhost 10 10 1398375549 30
BonoboGhost 10 10 1398375549 50
BonoboGhost 10 10 820115078 3
BonoboGhost 10 10 820115078 4
BonoboGhost 10 10 820115078 5
BonoboGhost 10 10 820115078 6
BonoboGhost 10 10 820115078 7
BonoboGhost 10 10 820115078 8
BonoboGhost 10 10 820115078 9
BonoboGhost 10 10 820115078 10
BonoboGhost 10 10 820115078 12
BonoboGhost 10 10 820115078 15
BonoboGhost 10 10 820115078 20
BonoboGhost 10 10 820115078 30
BonoboGhost 10 10 820115078 50
BonoboGhost 10 10 1888259216 3
BonoboGhost 10 10 1888259216 4
BonoboGhost 10 10 1888259216 5
BonoboGhost 10 10 1888259216 6
BonoboGhost 10 10 1888259216 7
BonoboGhost 10 10 1888259216 8
BonoboGhost 10 10 1888259216 9
BonoboGhost 10 10 1888259216 10
BonoboGhost 10 10 1888259216 12
BonoboGhost 10 10 1888259216 15
BonoboGhost 10 10 1888259216 20
BonoboGhost 10 10 1888259216 30
BonoboGhost 10 10 1888259216 50
BonoboGhost 10 10 555401848 3
BonoboGhost 10 10 555401848 4
BonoboGhost 10 10 555401848 5
BonoboGhost 10 10 555401848 6
BonoboGhost 10 10 555401848 7
BonoboGhost 10 10 555401848 8
BonoboGhost 10 10 555401848 9
BonoboGhost 10 10 555401848 10
BonoboGhost 10 10 555401848 12
BonoboGhost 10 10 555401848 15
BonoboGhost 10 10 555401848 20
BonoboGhost 10 10 555401848 30
BonoboGhost 10 10 555401848 50
BonoboGhost 10 10 986507084 3
BonoboGhost 10 10 986507084 4
BonoboGhost 10 10 986507084 5
BonoboGhost 10 10 986507084 6
BonoboGhost 10 10 986507084 7
BonoboGhost 10 10 986507084 8
BonoboGhost 10 10 986507084 9
BonoboGhost 10 10 986507084 10
BonoboGhost 10 10 986507084 12
BonoboGhost 10 10 986507084 15
BonoboGhost 10 10 986507084 20
BonoboGhost 10 10 986507084 30
BonoboGhost 10 10 986507084 50
BonoboGhost 10 10 1428877199 3
BonoboGhost 10 10 1428877199 4
BonoboGhost 10 10 1428877199 5
BonoboGhost 10 10 1428877199 6
BonoboGhost 10 10 1428877199 7
BonoboGhost 10 10 1428877199 8
BonoboGhost 10 10 1428877199 9
BonoboGhost 10 10 1428877199 10
BonoboGhost 10 10 1428877199 12
BonoboGhost 10 10 1428877199 15
BonoboGhost 10 10 1428877199 20
BonoboGhost 10 10 1428877199 30
BonoboGhost 10 10 1428877199 50
BonoboGhost 10 10 2121776500 3
BonoboGhost 10 10 2121776500 4
BonoboGhost 10 10 2121776500 5
BonoboGhost 10 10 2121776500 6
BonoboGhost 10 10 2121776500 7
BonoboGhost 10 10 2121776500 8
BonoboGhost 10 10 2121776500 9
BonoboGhost 10 10 2121776500 10
BonoboGhost 10 10 2121776500 12
BonoboGhost 10 10 2121776500 15
BonoboGhost 10 10 2121776500 20
BonoboGhost 10 10 2121776500 30
BonoboGhost 10 10 2121776500 50
BonoboGhost 10 10 1367318866 3
BonoboGhost 10 10 1367318866 4
BonoboGhost 10 10 1367318866 5
BonoboGhost 10 10 1367318866 6
BonoboGhost 10 10 1367318866 7
BonoboGhost 10 10 1367318866 8
BonoboGhost 10 10 1367318866 9
BonoboGhost 10 10 1367318866 10
BonoboGhost 10 10 1367318866 12
BonoboGhost 10 10 1367318866 15
BonoboGhost 10 10 1367318866 20
BonoboGhost 10 10 1367318866 30
BonoboGhost 10 10 1367318866 50
BonoboGhost 10 10 759666796 3
BonoboGhost 10 10 759666796 4
BonoboGhost 10 10 759666796 5
BonoboGhost 10 10 759666796 6
BonoboGhost 10 10 759666796 7
BonoboGhost 10 10 759666796 8
BonoboGhost 10 10 759666796 9
BonoboGhost 10 10 759666796 10
BonoboGhost 10 10 759666796 12
BonoboGhost 10 10 759666796 15
BonoboGhost 10 10 759666796 20
BonoboGhost 10 10 759666796 30
BonoboGhost 10 10 759666796 50
BonoboGhost 10 10 1018775942 3
BonoboGhost 10 10 1018775942 4
BonoboGhost 10 10 1018775942 5
BonoboGhost 10 10 1018775942 6
BonoboGhost 10 10 1018775942 7
BonoboGhost 10 10 1018775942 8
BonoboGhost 10 10 1018775942 9
BonoboGhost 10 10 1018775942 10
BonoboGhost 10 10 1018775942 12
BonoboGhost 10 10 1018775942 15
BonoboGhost 10 10 1018775942 20
BonoboGhost 10 10 1018775942 30
BonoboGhost 10 10 1018775942 50
BonoboGhost 10 10 1249073187 3
BonoboGhost 10 10 1249073187 4
BonoboGhost 10 10 1249073187 5
BonoboGhost 10 10 1249073187 6
BonoboGhost 10 10 1249073187 7
BonoboGhost 10 10 1249073187 8
BonoboGhost 10 10 1249073187 9
BonoboGhost 10 10 1249073187 10
BonoboGhost 10 10 1249073187 12
BonoboGhost 10 10 1249073187 15
BonoboGhost 10 10 1249073187 20
BonoboGhost 10 10 1249073187 30
BonoboGhost 10 10 1249073187 50
BonoboGhost 10 10 415622454 3
BonoboGhost 10 10 415622454 4
BonoboGhost 10 10 415622454 5
BonoboGhost 10 10 415622454 6
BonoboGhost 10 10 415622454 7
BonoboGhost 10 10 415622454 8
BonoboGhost 10 10 415622454 9
BonoboGhost 10 10 415622454 10
BonoboGhost 10 10 415622454 12
BonoboGhost 10 10 415622454 15
BonoboGhost 10 10 415622454 20
BonoboGhost 10 10 415622454 30
BonoboGhost 10 10 415622454 50
BonoboGhost 10 10 734071156 3
BonoboGhost 10 10 734071156 4
BonoboGhost 10 10 734071156 5
BonoboGhost 10 10 734071156 6
BonoboGhost 10 10 734071156 7
BonoboGhost 10 10 734071156 8
BonoboGhost 10 10 734071156 9
BonoboGhost 10 10 734071156 10
BonoboGhost 10 10 734071156 12
BonoboGhost 10 10 734071156 15
BonoboGhost 10 10 734071156 20
BonoboGhost 10 10 734071156 30
BonoboGhost 10 10 734071156 50
BonoboGhost 10 10 1562109001 3
BonoboGhost 10 10 1562109001 4
BonoboGhost 10 10 1562109001 5
BonoboGhost 10 10 1562109001 6
BonoboGhost 10 10 1562109001 7
BonoboGhost 10 10 1562109001 8
BonoboGhost 10 10 1562109001 9
BonoboGhost 10 10 1562109001 10
BonoboGhost 10 10 1562109001 12
BonoboGhost 10 10 1562109001 15
BonoboGhost 10 10 1562109001 20
BonoboGhost 10 10 1562109001 30
BonoboGhost 10 10 1562109001 50
BonoboGhost 10 10 115316742 3
BonoboGhost 10 10 115316742 4
BonoboGhost 10 10 115316742 5
BonoboGhost 10 10 115316742 6
BonoboGhost 10 10 115316742 7
BonoboGhost 10 10 115316742 8
BonoboGhost 10 10 115316742 9
BonoboGhost 10 10 115316742 10
BonoboGhost 10 10 115316742 12
BonoboGhost 10 10 115316742 15
BonoboGhost 10 10 115316742 20
BonoboGhost 10 10 115316742 30
BonoboGhost 10 10 115316742 50
BonoboGhost 10 10 1266888931 3
BonoboGhost 10 10 1266888931 4
BonoboGhost 10 10 1266888931 5
BonoboGhost 10 10 1266888931 6
BonoboGhost 10 10 1266888931 7
BonoboGhost 10 10 1266888931 8
BonoboGhost 10 10 1266888931 9
BonoboGhost 10 10 1266888931 10
BonoboGhost 10 10 1266888931 12
BonoboGhost 10 10 1266888931 15
BonoboGhost 10 10 1266888931 20
BonoboGhost 10 10 1266888931 30
BonoboGhost 10 10 1266888931 50
BonoboGhost 10 10 1290080365 3
BonoboGhost 10 10 1290080365 4
BonoboGhost 10 10 1290080365 5
BonoboGhost 10 10 1290080365 6
BonoboGhost 10 10 1290080365 7
BonoboGhost 10 10 1290080365 8
BonoboGhost 10 10 1290080365 9
BonoboGhost 10 10 1290080365 10
BonoboGhost 10 10 1290080365 12
BonoboGhost 10 10 1290080365 15
BonoboGhost 10 10 1290080365 20
BonoboGhost 10 10 1290080365 30
BonoboGhost 10 10 1290080365 50
BonoboGhost 10 10 852470022 3
BonoboGhost 10 10 852470022 4
BonoboGhost 10 10 852470022 5
BonoboGhost 10 10 852470022 6
BonoboGhost 10 10 852470022 7
BonoboGhost 10 10 852470022 8
BonoboGhost 10 10 852470022 9
BonoboGhost 10 10 852470022 10
BonoboGhost 10 10 852470022 12
BonoboGhost 10 10 852470022 15
BonoboGhost 10 10 852470022 20
BonoboGhost 10 10 852470022 30
BonoboGhost 10 10 852470022 50
BonoboGhost 10 10 1733975100 3
BonoboGhost 10 10 1733975100 4
BonoboGhost 10 10 1733975100 5
BonoboGhost 10 10 1733975100 6
BonoboGhost 10 10 1733975100 7
BonoboGhost 10 10 1733975100 8
BonoboGhost 10 10 1733975100 9
BonoboGhost 10 10 1733975100 10
BonoboGhost 10 10 1733975100 12
BonoboGhost 10 10 1733975100 15
BonoboGhost 10 10 1733975100 20
BonoboGhost 10 10 1733975100 30
BonoboGhost 10 10 1733975100 50
BonoboGhost 10 10 1382459476 3
BonoboGhost 10 10 1382459476 4
BonoboGhost 10 10 1382459476 5
BonoboGhost 10 10 1382459476 6
BonoboGhost 10 10 1382459476 7
BonoboGhost 10 10 1382459476 8
BonoboGhost 10 10 1382459476 9
BonoboGhost 10 10 1382459476 10
BonoboGhost 10 10 1382459476 12
BonoboGhost 10 10 1382459476 15
BonoboGhost 10 10 1382459476 20
BonoboGhost 10 10 1382459476 30
BonoboGhost 10 10 1382459476 50
BonoboGhost 10 10 105983501 3
BonoboGhost 10 10 105983501 4
BonoboGhost 10 10 105983501 5
BonoboGhost 10 10 105983501 6
BonoboGhost 10 10 105983501 7
BonoboGhost 10 10 105983501 8
BonoboGhost 10 10 105983501 9
BonoboGhost 10 10 105983501 10
BonoboGhost 10 10 105983501 12
BonoboGhost 10 10 105983501 15
BonoboGhost 10 10 105983501 20
BonoboGhost 10 10 105983501 30
BonoboGhost 10 10 105983501 50
BonoboGhost 10 10 1715692943 3
BonoboGhost 10 10 1715692943 4
BonoboGhost 10 10 1715692943 5
BonoboGhost 10 10 1715692943 6
BonoboGhost 10 10 1715692943 7
BonoboGhost 10 10 1715692943 8
BonoboGhost 10 10 1715692943 9
BonoboGhost 10 10 1715692943 10
BonoboGhost 10 10 1715692943 12
BonoboGhost 10 10 1715692943 15
BonoboGhost 10 10 1715692943 20
BonoboGhost 10 10 1715692943 30
BonoboGhost 10 10 1715692943 50
BonoboGhost 10 10 2112038652 3
BonoboGhost 10 10 2112038652 4
BonoboGhost 10 10 2112038652 5
BonoboGhost 10 10 2112038652 6
BonoboGhost 10 10 2112038652 7
BonoboGhost 10 10 2112038652 8
BonoboGhost 10 10 2112038652 9
BonoboGhost 10 10 2112038652 10
BonoboGhost 10 10 2112038652 12
BonoboGhost 10 10 2112038652 15
BonoboGhost 10 10 2112038652 20
BonoboGhost 10 10 2112038652 30
BonoboGhost 10 10 2112038652 50
BonoboGhost 10 10 1425496657 3
BonoboGhost 10 10 1425496657 4
BonoboGhost 10 10 1425496657 5
BonoboGhost 10 10 1425496657 6
BonoboGhost 10 10 1425496657 7
BonoboGhost 10 10 1425496657 8
BonoboGhost 10 10 1425496657 9
BonoboGhost 10 10 1425496657 10
BonoboGhost 10 10 1425496657 12
BonoboGhost 10 10 1425496657 15
BonoboGhost 10 10 1425496657 20
BonoboGhost 10 10 1425496657 30
BonoboGhost 10 10 1425496657 50
BonoboGhost 10 10 112765084 3
BonoboGhost 10 10 112765084 4
BonoboGhost 10 10 112765084 5
BonoboGhost 10 10 112765084 6
BonoboGhost 10 10 112765084 7
BonoboGhost 10 10 112765084 8
BonoboGhost 10 10 112765084 9
BonoboGhost 10 10 112765084 10
BonoboGhost 10 10 112765084 12
BonoboGhost 10 10 112765084 15
BonoboGhost 10 10 112765084 20
BonoboGhost 10 10 112765084 30
BonoboGhost 10 10 112765084 50
BonoboGhost 10 10 1760754983 3
BonoboGhost 10 10 1760754983 4
BonoboGhost 10 10 1760754983 5
BonoboGhost 10 10 1760754983 6
BonoboGhost 10 10 1760754983 7
BonoboGhost 10 10 1760754983 8
BonoboGhost 10 10 1760754983 9
BonoboGhost 10 10 1760754983 10
BonoboGhost 10 10 1760754983 12
BonoboGhost 10 10 1760754983 15
BonoboGhost 10 10 1760754983 20
BonoboGhost 10 10 1760754983 30
BonoboGhost 10 10 1760754983 50
BonoboGhost 10 10 413888857 3
BonoboGhost 10 10 413888857 4
BonoboGhost 10 10 413888857 5
BonoboGhost 10 10 413888857 6
BonoboGhost 10 10 413888857 7
BonoboGhost 10 10 413888857 8
BonoboGhost 10 10 413888857 9
BonoboGhost 10 10 413888857 10
BonoboGhost 10 10 413888857 12
BonoboGhost 10 10 413888857 15
BonoboGhost 10 10 413888857 20
BonoboGhost 10 10 413888857 30
BonoboGhost 10 10 413888857 50
BonoboGhost 10 10 2039738337 3
BonoboGhost 10 10 2039738337 4
BonoboGhost 10 10 2039738337 5
BonoboGhost 10 10 2039738337 6
BonoboGhost 10 10 2039738337 7
BonoboGhost 10 10 2039738337 8
BonoboGhost 10 10 2039738337 9
BonoboGhost 10 10 2039738337 10
BonoboGhost 10 10 2039738337 12
BonoboGhost 10 10 2039738337 15
BonoboGhost 10 10 2039738337 20
BonoboGhost 10 10 2039738337 30
BonoboGhost 10 10 2039738337 50
BonoboGhost 10 10 223155948 3
BonoboGhost 10 10 223155948 4
BonoboGhost 10 10 223155948 5
BonoboGhost 10 10 223155948 6
BonoboGhost 10 10 223155948 7
BonoboGhost 10 10 223155948 8
BonoboGhost 10 10 223155948 9
BonoboGhost 10 10 223155948 10
BonoboGhost 10 10 223155948 12
BonoboGhost 10 10 223155948 15
BonoboGhost 10 10 223155948 20
BonoboGhost 10 10 223155948 30
BonoboGhost 10 10 223155948 50
BonoboGhost 10 10 670528518 3
BonoboGhost 10 10 670528518 4
BonoboGhost 10 10 670528518 5
BonoboGhost 10 10 670528518 6
BonoboGhost 10 10 670528518 7
BonoboGhost 10 10 670528518 8
BonoboGhost 10 10 670528518 9
BonoboGhost 10 10 670528518 10
BonoboGhost 10 10 670528518 12
BonoboGhost 10 10 670528518 15
BonoboGhost 10 10 670528518 20
BonoboGhost 10 10 670528518 30
BonoboGhost 10 10 670528518 50
BonoboGhost 10 10 1696896587 3
BonoboGhost 10 10 1696896587 4
BonoboGhost 10 10 1696896587 5
BonoboGhost 10 10 1696896587 6
BonoboGhost 10 10 1696896587 7
BonoboGhost 10 10 1696896587 8
BonoboGhost 10 10 1696896587 9
BonoboGhost 10 10 1696896587 10
BonoboGhost 10 10 1696896587 12
BonoboGhost 10 10 1696896587 15
BonoboGhost 10 10 1696896587 20
BonoboGhost 10 10 1696896587 30
BonoboGhost 10 10 1696896587 50
BonoboGhost 10 10 1339984973 3
BonoboGhost 10 10 1339984973 4
BonoboGhost 10 10 1339984973 5
BonoboGhost 10 10 1339984973 6
BonoboGhost 10 10 1339984973 7
BonoboGhost 10 10 1339984973 8
BonoboGhost 10 10 1339984973 9
BonoboGhost 10 10 1339984973 10
BonoboGhost 10 10 1339984973 12
BonoboGhost 10 10 1339984973 15
BonoboGhost 10 10 1339984973 20
BonoboGhost 10 10 1339984973 30
BonoboGhost 10 10 1339984973 50
BonoboGhost 10 10 980395799 3
BonoboGhost 10 10 980395799 4
BonoboGhost 10 10 980395799 5
BonoboGhost 10 10 980395799 6
BonoboGhost 10 10 980395799 7
BonoboGhost 10 10 980395799 8
BonoboGhost 10 10 980395799 9
BonoboGhost 10 10 980395799 10
BonoboGhost 10 10 980395799 12
BonoboGhost 10 10 980395799 15
BonoboGhost 10 10 980395799 20
BonoboGhost 10 10 980395799 30
BonoboGhost 10 10 980395799 50
BonoboGhost 10 10 441282061 3
BonoboGhost 10 10 441282061 4
BonoboGhost 10 10 441282061 5
BonoboGhost 10 10 441282061 6
BonoboGhost 10 10 441282061 7
BonoboGhost 10 10 441282061 8
BonoboGhost 10 10 441282061 9
BonoboGhost 10 10 441282061 10
BonoboGhost 10 10 441282061 12
BonoboGhost 10 10 441282061 15
BonoboGhost 10 10 441282061 20
BonoboGhost 10 10 441282061 30
BonoboGhost 10 10 441282061 50
BonoboGhost 10 10 1367302905 3
BonoboGhost 10 10 1367302905 4
BonoboGhost 10 10 1367302905 5
BonoboGhost 10 10 1367302905 6
BonoboGhost 10 10 1367302905 7
BonoboGhost 10 10 1367302905 8
BonoboGhost 10 10 1367302905 9
BonoboGhost 10 10 1367302905 10
BonoboGhost 10 10 1367302905 12
BonoboGhost 10 10 1367302905 15
BonoboGhost 10 10 1367302905 20
BonoboGhost 10 10 1367302905 30
BonoboGhost 10 10 1367302905 50
BonoboGhost 10 10 1020176959 3
BonoboGhost 10 10 1020176959 4
BonoboGhost 10 10 1020176959 5
BonoboGhost 10 10 1020176959 6
BonoboGhost 10 10 1020176959 7
BonoboGhost 10 10 1020176959 8
BonoboGhost 10 10 1020176959 9
BonoboGhost 10 10 1020176959 10
BonoboGhost 10 10 1020176959 12
BonoboGhost 10 10 1020176959 15
BonoboGhost 10 10 1020176959 20
BonoboGhost 10 10 1020176959 30
BonoboGhost 10 10 1020176959 50
BonoboGhost 10 10 956714 3
BonoboGhost 10 10 956714 4
BonoboGhost 10 10 956714 5
BonoboGhost 10 10 956714 6
BonoboGhost 10 10 956714 7
BonoboGhost 10 10 956714 8
BonoboGhost 10 10 956714 9
BonoboGhost 10 10 956714 10
BonoboGhost 10 10 956714 12
BonoboGhost 10 10 956714 15
BonoboGhost 10 10 956714 20
BonoboGhost 10 10 956714 30
BonoboGhost 10 10 956714 50
BonoboGhost 10 10 1629275283 3
BonoboGhost 10 10 1629275283 4
BonoboGhost 10 10 1629275283 5
BonoboGhost 10 10 1629275283 6
BonoboGhost 10 10 1629275283 7
BonoboGhost 10 10 1629275283 8
BonoboGhost 10 10 1629275283 9
BonoboGhost 10 10 1629275283 10
BonoboGhost 10 10 1629275283 12
BonoboGhost 10 10 1629275283 15
BonoboGhost 10 10 1629275283 20
BonoboGhost 10 10 1629275283 30
BonoboGhost 10 10 1629275283 50
BonoboGhost 10 10 1332253363 3
BonoboGhost 10 10 1332253363 4
BonoboGhost 10 10 1332253363 5
BonoboGhost 10 10 1332253363 6
BonoboGhost 10 10 1332253363 7
BonoboGhost 10 10 1332253363 8
BonoboGhost 10 10 1332253363 9
BonoboGhost 10 10 1332253363 10
BonoboGhost 10 10 1332253363 12
BonoboGhost 10 10 1332253363 15
BonoboGhost 10 10 1332253363 20
BonoboGhost 10 10 1332253363 30
BonoboGhost 10 10 1332253363 50
BonoboGhost 10 10 855712339 3
BonoboGhost 10 10 855712339 4
BonoboGhost 10 10 855712339 5
BonoboGhost 10 10 855712339 6
BonoboGhost 10 10 855712339 7
BonoboGhost 10 10 855712339 8
BonoboGhost 10 10 855712339 9
BonoboGhost 10 10 855712339 10
BonoboGhost 10 10 855712339 12
BonoboGhost 10 10 855712339 15
BonoboGhost 10 10 855712339 20
BonoboGhost 10 10 855712339 30
BonoboGhost 10 10 855712339 50
BonoboGhost 10 10 412181690 3
BonoboGhost 10 10 412181690 4
BonoboGhost 10 10 412181690 5
BonoboGhost 10 10 412181690 6
BonoboGhost 10 10 412181690 7
BonoboGhost 10 10 412181690 8
BonoboGhost 10 10 412181690 9
BonoboGhost 10 10 412181690 10
BonoboGhost 10 10 412181690 12
BonoboGhost 10 10 412181690 15
BonoboGhost 10 10 412181690 20
BonoboGhost 10 10 412181690 30
BonoboGhost 10 10 412181690 50
BonoboGhost 10 10 2082823983 3
BonoboGhost 10 10 2082823983 4
BonoboGhost 10 10 2082823983 5
BonoboGhost 10 10 2082823983 6
BonoboGhost 10 10 2082823983 7
BonoboGhost 10 10 2082823983 8
BonoboGhost 10 10 2082823983 9
BonoboGhost 10 10 2082823983 10
BonoboGhost 10 10 2082823983 12
BonoboGhost 10 10 2082823983 15
BonoboGhost 10 10 2082823983 20
BonoboGhost 10 10 2082823983 30
BonoboGhost 10 10 2082823983 50
BonoboGhost 10 10 940383291 3
BonoboGhost 10 10 940383291 4
BonoboGhost 10 10 940383291 5
BonoboGhost 10 10 940383291 6
BonoboGhost 10 10 940383291 7
BonoboGhost 10 10 940383291 8
BonoboGhost 10 10 940383291 9
BonoboGhost 10 10 940383291 10
BonoboGhost 10 10 940383291 12
BonoboGhost 10 10 940383291 15
BonoboGhost 10 10 940383291 20
BonoboGhost 10 10 940383291 30
BonoboGhost 10 10 940383291 50
BonoboGhost 10 10 1783365912 3
BonoboGhost 10 10 1783365912 4
BonoboGhost 10 10 1783365912 5
BonoboGhost 10 10 1783365912 6
BonoboGhost 10 10 1783365912 7
BonoboGhost 10 10 1783365912 8
BonoboGhost 10 10 1783365912 9
BonoboGhost 10 10 1783365912 10
BonoboGhost 10 10 1783365912 12
BonoboGhost 10 10 1783365912 15
BonoboGhost 10 10 1783365912 20
BonoboGhost 10 10 1783365912 30
BonoboGhost 10 10 1783365912 50
BonoboGhost 10 10 1111189910 3
BonoboGhost 10 10 1111189910 4
BonoboGhost 10 10 1111189910 5
BonoboGhost 10 10 1111189910 6
BonoboGhost 10 10 1111189910 7
BonoboGhost 10 10 1111189910 8
BonoboGhost 10 10 1111189910 9
BonoboGhost 10 10 1111189910 10
BonoboGhost 10 10 1111189910 12
BonoboGhost 10 10 1111189910 15
BonoboGhost 10 10 1111189910 20
BonoboGhost 10 10 1111189910 30
BonoboGhost 10 10 1111189910 50
BonoboGhost 10 10 595547912 3
BonoboGhost 10 10 595547912 4
BonoboGhost 10 10 595547912 5
BonoboGhost 10 10 595547912 6
BonoboGhost 10 10 595547912 7
BonoboGhost 10 10 595547912 8
BonoboGhost 10 10 595547912 9
BonoboGhost 10 10 595547912 10
BonoboGhost 10 10 595547912 12
BonoboGhost 10 10 595547912 15
BonoboGhost 10 10 595547912 20
BonoboGhost 10 10 595547912 30
BonoboGhost 10 10 595547912 50
BonoboGhost 10 10 2010498898 3
BonoboGhost 10 10 2010498898 4
BonoboGhost 10 10 2010498898 5
BonoboGhost 10 10 2010498898 6
BonoboGhost 10 10 2010498898 7
BonoboGhost 10 10 2010498898 8
BonoboGhost 10 10 2010498898 9
BonoboGhost 10 10 2010498898 10
BonoboGhost 10 10 2010498898 12
BonoboGhost 10 10 2010498898 15
BonoboGhost 10 10 2010498898 20
BonoboGhost 10 10 2010498898 30
BonoboGhost 10 10 2010498898 50
BonoboGhost 10 10 1113642048 3
BonoboGhost 10 10 1113642048 4
BonoboGhost 10 10 1113642048 5
BonoboGhost 10 10 1113642048 6
BonoboGhost 10 10 1113642048 7
BonoboGhost 10 10 1113642048 8
BonoboGhost 10 10 1113642048 9
BonoboGhost 10 10 1113642048 10
BonoboGhost 10 10 1113642048 12
BonoboGhost 10 10 1113642048 15
BonoboGhost 10 10 1113642048 20
BonoboGhost 10 10 1113642048 30
BonoboGhost 10 10 1113642048 50
BonoboGhost 10 10 1972992892 3
BonoboGhost 10 10 1972992892 4
BonoboGhost 10 10 1972992892 5
BonoboGhost 10 10 1972992892 6
BonoboGhost 10 10 1972992892 7
BonoboGhost 10 10 1972992892 8
BonoboGhost 10 10 1972992892 9
BonoboGhost 10 10 1972992892 10
BonoboGhost 10 10 1972992892 12
BonoboGhost 10 10 1972992892 15
BonoboGhost 10 10 1972992892 20
BonoboGhost 10 10 1972992892 30
BonoboGhost 10 10 1972992892 50
BonoboGhost 10 10 247058945 3
BonoboGhost 10 10 247058945 4
BonoboGhost 10 10 247058945 5
BonoboGhost 10 10 247058945 6
BonoboGhost 10 10 247058945 7
BonoboGhost 10 10 247058945 8
BonoboGhost 10 10 247058945 9
BonoboGhost 10 10 247058945 10
BonoboGhost 10 10 247058945 12
BonoboGhost 10 10 247058945 15
BonoboGhost 10 10 247058945 20
BonoboGhost 10 10 247058945 30
BonoboGhost 10 10 247058945 50
BonoboGhost 10 10 899837659 3
BonoboGhost 10 10 899837659 4
BonoboGhost 10 10 899837659 5
BonoboGhost 10 10 899837659 6
BonoboGhost 10 10 899837659 7
BonoboGhost 10 10 899837659 8
BonoboGhost 10 10 899837659 9
BonoboGhost 10 10 899837659 10
BonoboGhost 10 10 899837659 12
BonoboGhost 10 10 899837659 15
BonoboGhost 10 10 899837659 20
BonoboGhost 10 10 899837659 30
BonoboGhost 10 10 899837659 50
BonoboGhost 10 10 830884525 3
BonoboGhost 10 10 830884525 4
BonoboGhost 10 10 830884525 5
BonoboGhost 10 10 830884525 6
BonoboGhost 10 10 830884525 7
BonoboGhost 10 10 830884525 8
BonoboGhost 10 10 830884525 9
BonoboGhost 10 10 830884525 10
BonoboGhost 10 10 830884525 12
BonoboGhost 10 10 830884525 15
BonoboGhost 10 10 830884525 20
BonoboGhost 10 10 830884525 30
BonoboGhost 10 10 830884525 50
BonoboGhost 10 10 764731834 3
BonoboGhost 10 10 764731834 4
BonoboGhost 10 10 764731834 5
BonoboGhost 10 10 764731834 6
BonoboGhost 10 10 764731834 7
BonoboGhost 10 10 764731834 8
BonoboGhost 10 10 764731834 9
BonoboGhost 10 10 764731834 10
BonoboGhost 10 10 764731834 12
BonoboGhost 10 10 764731834 15
BonoboGhost 10 10 764731834 20
BonoboGhost 10 10 764731834 30
BonoboGhost 10 10 764731834 50
BonoboGhost 10 10 1774934415 3
BonoboGhost 10 10 1774934415 4
BonoboGhost 10 10 1774934415 5
BonoboGhost 10 10 1774934415 6
BonoboGhost 10 10 1774934415 7
BonoboGhost 10 10 1774934415 8
BonoboGhost 10 10 1774934415 9
BonoboGhost 10 10 1774934415 10
BonoboGhost 10 10 1774934415 12
BonoboGhost 10 10 1774934415 15
BonoboGhost 10 10 1774934415 20
BonoboGhost 10 10 1774934415 30
BonoboGhost 10 10 1774934415 50
BonoboGhost 50 10 1845187043 3
BonoboGhost 50 10 1845187043 4
BonoboGhost 50 10 1845187043 5
BonoboGhost 50 10 1845187043 6
BonoboGhost 50 10 1845187043 7
BonoboGhost 50 10 1845187043 8
BonoboGhost 50 10 1845187043 9
BonoboGhost 50 10 1845187043 10
BonoboGhost 50 10 1845187043 12
BonoboGhost 50 10 1845187043 15
BonoboGhost 50 10 1845187043 20
BonoboGhost 50 10 1845187043 30
BonoboGhost 50 10 1845187043 50
BonoboGhost 50 10 1675701734 3
BonoboGhost 50 10 1675701734 4
BonoboGhost 50 10 1675701734 5
BonoboGhost 50 10 1675701734 6
BonoboGhost 50 10 1675701734 7
BonoboGhost 50 10 1675701734 8
BonoboGhost 50 10 1675701734 9
BonoboGhost 50 10 1675701734 10
BonoboGhost 50 10 1675701734 12
BonoboGhost 50 10 1675701734 15
BonoboGhost 50 10 1675701734 20
BonoboGhost 50 10 1675701734 30
BonoboGhost 50 10 1675701734 50
BonoboGhost 50 10 1358822686 3
BonoboGhost 50 10 1358822686 4
BonoboGhost 50 10 1358822686 5
BonoboGhost 50 10 1358822686 6
BonoboGhost 50 10 1358822686 7
BonoboGhost 50 10 1358822686 8
BonoboGhost 50 10 1358822686 9
BonoboGhost 50 10 1358822686 10
BonoboGhost 50 10 1358822686 12
BonoboGhost 50 10 1358822686 15
BonoboGhost 50 10 1358822686 20
BonoboGhost 50 10 1358822686 30
BonoboGhost 50 10 1358822686 50
BonoboGhost 50 10 561383554 3
BonoboGhost 50 10 561383554 4
BonoboGhost 50 10 561383554 5
BonoboGhost 50 10 561383554 6
BonoboGhost 50 10 561383554 7
BonoboGhost 50 10 561383554 8
BonoboGhost 50 10 561383554 9
BonoboGhost 50 10 561383554 10
BonoboGhost 50 10 561383554 12
BonoboGhost 50 10 561383554 15
BonoboGhost 50 10 561383554 20
BonoboGhost 50 10 561383554 30
BonoboGhost 50 10 561383554 50
BonoboGhost 50 10 789925285 3
BonoboGhost 50 10 789925285 4
BonoboGhost 50 10 789925285 5
BonoboGhost 50 10 789925285 6
BonoboGhost 50 10 789925285 7
BonoboGhost 50 10 789925285 8
BonoboGhost 50 10 789925285 9
BonoboGhost 50 10 789925285 10
BonoboGhost 50 10 789925285 12
BonoboGhost 50 10 789925285 15
BonoboGhost 50 10 789925285 20
BonoboGhost 50 10 789925285 30
BonoboGhost 50 10 789925285 50
BonoboGhost 50 10 170765738 3
BonoboGhost 50 10 170765738 4
BonoboGhost 50 10 170765738 5
BonoboGhost 50 10 170765738 6
BonoboGhost 50 10 170765738 7
BonoboGhost 50 10 170765738 8
BonoboGhost 50 10 170765738 9
BonoboGhost 50 10 170765738 10
BonoboGhost 50 10 170765738 12
BonoboGhost 50 10 170765738 15
BonoboGhost 50 10 170765738 20
BonoboGhost 50 10 170765738 30
BonoboGhost 50 10 170765738 50
BonoboGhost 50 10 878579711 3
BonoboGhost 50 10 878579711 4
BonoboGhost 50 10 878579711 5
BonoboGhost 50 10 878579711 6
BonoboGhost 50 10 878579711 7
BonoboGhost 50 10 878579711 8
BonoboGhost 50 10 878579711 9
BonoboGhost 50 10 878579711 10
BonoboGhost 50 10 878579711 12
BonoboGhost 50 10 878579711 15
BonoboGhost 50 10 878579711 20
BonoboGhost 50 10 878579711 30
BonoboGhost 50 10 878579711 50
BonoboGhost 50 10 1402032511 3
BonoboGhost 50 10 1402032511 4
BonoboGhost 50 10 1402032511 5
BonoboGhost 50 10 1402032511 6
BonoboGhost 50 10 1402032511 7
BonoboGhost 50 10 1402032511 8
BonoboGhost 50 10 1402032511 9
BonoboGhost 50 10 1402032511 10
BonoboGhost 50 10 1402032511 12
