956714
36027470
105983501
112765084
115061004
115316742
137773603
170765738
216844124
223155948
242224568
247058945
290876774
410361374
412181690
413888857
415622454
441282061
457175122
545865960
555401848
561383554
595547912
611926872
657890620
659577592
665605495
670528518
671780908
734071156
759666796
764731834
789925285
820115078
830884525
852470022
855712339
878579711
899837659
933956161
940383291
960721250
980395799
986507084
1018775942
1020176959
1063926993
1069045866
1111189910
1113642048
1249073187
1251993227
1266888931
1282922663
1290080365
1315268645
1319794952
1330634776
1332253363
1339984973
1358822686
1367302905
1367318866
1382459476
1398375549
1402032511
1425496657
1428877199
1459942078
1562109001
1563495165
1598483385
1605979228
1629275283
1675701734
1685103475
1696896587
1712592595
1715692943
1733975100
1752024094
1760754983
1774934415
1783365912
1819941519
1845187043
1850339312
1888259216
1959836418
1972992892
1981297354
1983958386
1995074679
1995646240
2008322436
2010498898
2039738337
2082823983
2112038652
2121776500
